Trial:	Sub01ShoulderFly_accelerometer_t5.txt
Phone/Tablet Model:	HUAWEI BLN-L24
Sensor Information
Name:	STMicroelectronics accelerometer-lis3dh
Maximum Range:	78.4532m/s²
Resolution:	0.009576807m/s²

Generated by SensorData, Version1.5.2
Author: Vipul Lugade
Email: SensorDataHelp@gmail.com
Website: www.matlabgeeks.com

Time	X	Y	Z
1512060409254	1.8770540952682495	2.298433542251587	8.580819129943848
1512060409274	2.145204782485962	2.2218191623687744	8.772355079650879
1512060409294	2.0685901641845703	2.4133553504943848	8.465897560119629
1512060409314	1.800439715385437	2.6431987285614014	7.929595947265625
1512060409334	1.647210717201233	2.75812029838562	7.086836814880371
1512060409355	1.4173674583435059	2.9879636764526367	6.205770969390869
1512060409374	1.2641384601593018	3.1028854846954346	5.51624059677124
1512060409394	0.5363011956214905	3.600879430770874	5.861005783081055
1512060409414	-3.294421434402466	6.205770969390869	12.449849128723145
1512060409434	0.38307225704193115	3.754108190536499	11.951854705810547
1512060409454	4.520252704620361	1.37906014919281	6.205770969390869
1512060409474	3.4093432426452637	2.183511972427368	7.354987621307373
1512060409494	2.6815059185028076	2.604891538619995	7.929595947265625
1512060409514	2.911349296569824	2.6431987285614014	6.3973069190979
1512060409534	2.75812029838562	2.6815059185028076	5.70777702331543
1512060409580	1.2258312702178955	4.8267107009887695	6.856993675231934
1512060409595	1.2641384601593018	3.2561142444610596	6.282385349273682
1512060409608	3.9839515686035156	1.4939818382263184	7.8529815673828125
1512060409622	4.596867084503174	0.8427590131759644	9.500192642211914
1512060409636	4.175487995147705	1.1109095811843872	10.879252433776855
1512060409654	3.9456443786621094	1.1492167711257935	11.224017143249512
1512060409674	4.252102375030518	1.5705963373184204	10.381258964538574
1512060409694	3.869029998779297	1.800439715385437	9.155426979064941
1512060409714	3.44765043258667	1.5322890281677246	7.7763671875
1512060409734	2.9879636764526367	1.800439715385437	6.856993675231934
1512060409754	3.294421434402466	2.0685901641845703	6.01423454284668
1512060409774	3.8307228088378906	2.451662540435791	5.70777702331543
1512060409794	4.022258758544922	2.3367409706115723	5.324704647064209
1512060409814	3.9456443786621094	1.8770540952682495	5.20978307723999
1512060409834	3.8307228088378906	2.1068975925445557	5.094861030578613
1512060409854	4.558559894561768	2.5665841102600098	4.63517427444458
1512060409874	5.669469833374023	2.451662540435791	3.8307228088378906
1512060409894	5.937620162963867	2.145204782485962	3.9839515686035156
1512060409914	6.01423454284668	2.4133553504943848	3.141192674636841
1512060409934	8.772355079650879	3.179499864578247	1.0342950820922852
1512060409954	10.036493301391602	3.026270866394043	1.072602391242981
1512060409974	10.41956615447998	2.3367409706115723	1.6855180263519287
1512060409994	9.883264541625977	1.9919757843017578	3.4093432426452637
1512060410014	9.461885452270508	1.7621324062347412	4.175487995147705
1512060410034	10.266336441040039	1.37906014919281	4.137180328369141
1512060410054	11.109095573425293	0.7661445140838623	3.2561142444610596
1512060410074	10.649409294128418	0.5363011956214905	2.75812029838562
1512060410094	9.461885452270508	1.0342950820922852	2.2601263523101807
1512060410114	8.887276649475098	1.6089035272598267	1.2258312702178955
1512060410134	9.385271072387695	1.6089035272598267	0.4596867263317108
1512060410154	10.189722061157227	0.9576807022094727	0.19153612852096558
1512060410174	10.41956615447998	0.6129156351089478	0.6129156351089478
1512060410194	10.41956615447998	0.7661445140838623	0.1149216815829277
1512060410214	9.806650161743164	1.5705963373184204	-1.0342950820922852
1512060410234	9.461885452270508	1.4173674583435059	-1.723825216293335
1512060410254	10.15141487121582	1.072602391242981	-1.5322890281677246
1512060410274	10.917559623718262	0.6129156351089478	-0.9193734526634216
1512060410294	10.72602367401123	0.727837324142456	-1.0342950820922852
1512060410314	9.768342971801758	0.8427590131759644	-1.9153614044189453
1512060410334	9.193734169006348	0.7661445140838623	-2.6815059185028076
1512060410354	9.346963882446289	0.2298433631658554	-2.9879636764526367
1512060410374	10.266336441040039	-0.15322890877723694	-3.7924153804779053
1512060410394	10.955866813659668	-0.038307227194309235	-6.473921298980713
1512060410414	10.72602367401123	-0.1149216815829277	-7.661445617675781
1512060410434	11.262324333190918	-0.4596867263317108	-7.163451671600342
1512060410454	12.334927558898926	-0.7661445140838623	-6.89530086517334
1512060410474	13.062764167785645	-0.4213795065879822	-7.814674377441406
1512060410494	13.369222640991211	-0.07661445438861847	-8.619126319885254
1512060410514	13.675680160522461	-0.07661445438861847	-8.734047889709473
1512060410534	14.250288963317871	-0.1149216815829277	-8.044517517089844
1512060410554	14.441824913024902	-0.26815059781074524	-7.7763671875
1512060410574	14.403517723083496	-0.38307225704193115	-7.6997528076171875
1512060410594	14.633360862731934	-0.1149216815829277	-7.4316020011901855
1512060410614	14.901511192321777	-0.038307227194309235	-6.971915245056152
1512060410634	14.595053672790527	-0.19153612852096558	-7.201758861541748
1512060410654	14.250288963317871	-0.07661445438861847	-7.508216381072998
1512060410674	14.288596153259277	-0.15322890877723694	-7.393294811248779
1512060410694	14.518439292907715	-0.3064578175544739	-6.512228488922119
1512060410715	14.326903343200684	-0.3447650372982025	-5.746084213256836
1512060410734	14.250288963317871	-0.4213795065879822	-5.51624059677124
1512060410754	13.713987350463867	-0.07661445438861847	-5.477933406829834
1512060410774	12.871228218078613	0.2298433631658554	-5.5545477867126465
1512060410794	11.990161895751953	0.4213795065879822	-5.51624059677124
1512060410814	11.262324333190918	0.3447650372982025	-5.592854976654053
1512060410834	10.572794914245605	0.5746083855628967	-4.596867084503174
1512060410854	9.883264541625977	0.49799394607543945	-3.141192674636841
1512060410874	8.887276649475098	1.1109095811843872	-3.1028854846954346
1512060410894	7.5848307609558105	1.6089035272598267	-3.6774938106536865
1512060410914	6.512228488922119	1.8387469053268433	-3.3710360527038574
1512060410934	6.129156112670898	1.9153614044189453	-2.6431987285614014
1512060410954	5.286397457122803	2.298433542251587	-2.1068975925445557
1512060410974	4.32871675491333	3.179499864578247	-2.9879636764526367
1512060410994	3.141192674636841	3.5242648124694824	-4.098873138427734
1512060411014	2.183511972427368	3.4093432426452637	-3.907337188720703
1512060411035	1.6855180263519287	3.179499864578247	-2.5665841102600098
1512060411054	1.37906014919281	3.1028854846954346	-1.6089035272598267
1512060411076	0.6512228846549988	3.294421434402466	-1.2641384601593018
1512060411094	-0.15322890877723694	3.5625722408294678	-1.4939818382263184
1512060411114	-0.7661445140838623	3.5242648124694824	-1.9153614044189453
1512060411134	-0.9193734526634216	3.485957622528076	-2.030282974243164
1512060411154	-0.9576807022094727	3.8307228088378906	-1.6089035272598267
1512060411174	-0.8810662031173706	4.252102375030518	-1.455674648284912
1512060411194	-0.9576807022094727	4.596867084503174	-1.8387469053268433
1512060411214	-0.9959878921508789	4.941632270812988	-1.7621324062347412
1512060411234	-0.8810662031173706	5.056553840637207	-1.5322890281677246
1512060411254	-0.6129156351089478	5.171475887298584	-1.4173674583435059
1512060411274	-0.2298433631658554	5.4013190269470215	-1.8770540952682495
1512060411294	0.038307227194309235	5.4013190269470215	-3.485957622528076
1512060411314	0.19153612852096558	5.51624059677124	-4.137180328369141
1512060411334	0.3447650372982025	5.592854976654053	-4.405331134796143
1512060411354	0.8810662031173706	5.631162166595459	-5.094861030578613
1512060411374	1.5705963373184204	5.4013190269470215	-5.51624059677124
1512060411394	2.2601263523101807	5.171475887298584	-5.4013190269470215
1512060411414	2.5282769203186035	5.018246650695801	-4.750096321105957
1512060411434	2.5665841102600098	5.324704647064209	-4.481945514678955
1512060411454	3.026270866394043	5.1331682205200195	-5.286397457122803
1512060411474	3.44765043258667	4.596867084503174	-5.975927352905273
1512060411494	3.6391866207122803	4.290409564971924	-4.558559894561768
1512060411514	4.520252704620361	4.098873138427734	-2.5282769203186035
1512060411534	4.941632270812988	4.137180328369141	-2.6815059185028076
1512060411554	4.903325080871582	4.750096321105957	-6.282385349273682
1512060411574	4.8267107009887695	4.405331134796143	-7.623138427734375
1512060411594	5.669469833374023	3.6774938106536865	-5.439626216888428
1512060411614	7.316680431365967	2.604891538619995	-3.064578056335449
1512060411634	8.312667846679688	2.9496564865112305	-3.9456443786621094
1512060411654	8.427590370178223	3.8307228088378906	-7.5848307609558105
1512060411674	7.891288757324219	3.600879430770874	-9.232041358947754
1512060411694	6.818686485290527	2.5282769203186035	-4.8267107009887695
1512060411714	7.661445617675781	1.9536685943603516	0.8427590131759644
1512060411734	9.117119789123535	1.4939818382263184	0.9193734526634216
1512060411754	10.41956615447998	2.7964274883270264	-3.9839515686035156
1512060411774	11.109095573425293	3.2561142444610596	-4.060565948486328
1512060411794	12.22000503540039	3.600879430770874	-2.6815059185028076
1512060411814	13.062764167785645	2.3367409706115723	-3.869029998779297
1512060411834	12.7946138381958	3.332728862762451	-5.975927352905273
1512060411854	13.445837020874023	3.754108190536499	-7.967903137207031
1512060411874	13.637372970581055	3.6391866207122803	-7.5848307609558105
1512060411894	13.675680160522461	2.4899697303771973	-5.171475887298584
1512060411914	14.480132102966309	1.8770540952682495	-2.9879636764526367
1512060411934	14.595053672790527	1.8770540952682495	-3.064578056335449
1512060411954	13.982137680053711	1.7621324062347412	-5.018246650695801
1512060411974	12.373234748840332	1.647210717201233	-6.550535678863525
1512060411994	11.224017143249512	1.455674648284912	-6.052541732788086
1512060412014	11.492168426513672	1.1875240802764893	-4.290409564971924
1512060412034	12.29662036895752	1.6089035272598267	-3.907337188720703
1512060412054	12.526463508605957	2.145204782485962	-4.6734819412231445
1512060412074	11.91354751586914	2.3367409706115723	-5.20978307723999
1512060412094	11.262324333190918	2.183511972427368	-4.711789131164551
1512060412114	10.496180534362793	1.9153614044189453	-3.44765043258667
1512060412134	10.189722061157227	1.6089035272598267	-2.6431987285614014
1512060412154	10.496180534362793	1.1492167711257935	-2.0685901641845703
1512060412174	10.572794914245605	0.9193734526634216	-1.2258312702178955
1512060412194	10.496180534362793	0.8810662031173706	-1.3024457693099976
1512060412214	9.768342971801758	0.8810662031173706	-2.030282974243164
1512060412234	9.117119789123535	1.37906014919281	-2.719813108444214
1512060412254	8.65743350982666	1.5322890281677246	-3.2178070545196533
1512060412274	8.542511940002441	1.3407529592514038	-2.719813108444214
1512060412294	8.619126319885254	1.1492167711257935	-1.5322890281677246
1512060412314	8.695740699768066	1.2641384601593018	-0.689530074596405
1512060412334	8.887276649475098	1.2258312702178955	-0.4213795065879822
1512060412354	8.848969459533691	1.455674648284912	-0.26815059781074524
1512060412374	8.695740699768066	1.4173674583435059	-0.1149216815829277
1512060412394	8.695740699768066	1.37906014919281	-0.07661445438861847
1512060412414	8.848969459533691	1.3407529592514038	0.07661445438861847
1512060412434	8.96389102935791	1.3407529592514038	0.26815059781074524
1512060412454	9.040505409240723	1.3407529592514038	-0.038307227194309235
1512060412474	9.117119789123535	1.1492167711257935	0.0
1512060412494	9.117119789123535	1.1492167711257935	0.1149216815829277
1512060412514	9.232041358947754	0.9576807022094727	-0.07661445438861847
1512060412534	9.385271072387695	0.9959878921508789	-0.689530074596405
1512060412554	9.385271072387695	0.9193734526634216	-1.455674648284912
1512060412574	9.040505409240723	0.727837324142456	-1.8387469053268433
1512060412594	9.040505409240723	0.49799394607543945	-2.2218191623687744
1512060412614	10.189722061157227	0.49799394607543945	-2.9496564865112305
1512060412634	11.530475616455078	0.7661445140838623	-3.332728862762451
1512060412654	11.875240325927734	1.3024457693099976	-3.869029998779297
1512060412674	11.224017143249512	0.8810662031173706	-4.941632270812988
1512060412694	11.492168426513672	0.5746083855628967	-4.750096321105957
1512060412714	11.798625946044922	0.5746083855628967	-4.788403511047363
1512060412734	11.91354751586914	0.9576807022094727	-5.70777702331543
1512060412754	11.836933135986328	1.072602391242981	-7.240066051483154
1512060412774	12.066776275634766	0.9959878921508789	-7.5848307609558105
1512060412794	12.334927558898926	0.727837324142456	-6.818686485290527
1512060412814	12.756306648254395	0.689530074596405	-6.358999729156494
1512060412834	13.369222640991211	0.6512228846549988	-6.856993675231934
1512060412854	13.828908920288086	0.8044517636299133	-7.201758861541748
1512060412874	14.09705924987793	0.7661445140838623	-6.780379295349121
1512060412894	14.288596153259277	1.072602391242981	-6.090848922729492
1512060412914	13.828908920288086	1.37906014919281	-6.550535678863525
1512060412934	13.445837020874023	1.6855180263519287	-7.2783732414245605
1512060412954	13.292608261108398	1.6089035272598267	-7.201758861541748
1512060412974	13.139378547668457	1.5322890281677246	-6.01423454284668
1512060412994	12.717999458312988	1.3024457693099976	-4.8267107009887695
1512060413014	11.990161895751953	1.455674648284912	-4.6734819412231445
1512060413034	11.568782806396484	1.647210717201233	-5.5545477867126465
1512060413054	11.262324333190918	2.2218191623687744	-6.129156112670898
1512060413074	10.611102104187012	2.2218191623687744	-5.937620162963867
1512060413094	9.921571731567383	1.647210717201233	-5.784391403198242
1512060413114	9.078812599182129	1.7621324062347412	-4.022258758544922
1512060413134	8.312667846679688	1.5705963373184204	-3.332728862762451
1512060413154	7.546523571014404	1.7621324062347412	-2.2218191623687744
1512060413174	6.3973069190979	2.0685901641845703	-1.37906014919281
1512060413194	5.20978307723999	2.719813108444214	-2.183511972427368
1512060413214	4.443638324737549	3.4093432426452637	-3.9839515686035156
1512060413234	3.6774938106536865	3.3710360527038574	-4.711789131164551
1512060413254	3.1028854846954346	3.485957622528076	-4.098873138427734
1512060413275	2.4133553504943848	3.907337188720703	-3.485957622528076
1512060413294	1.8770540952682495	4.213795185089111	-4.098873138427734
1512060413314	1.2258312702178955	4.290409564971924	-4.32871675491333
1512060413334	0.8044517636299133	4.137180328369141	-2.9496564865112305
1512060413354	0.7661445140838623	4.175487995147705	-1.647210717201233
1512060413374	0.49799394607543945	4.481945514678955	-1.723825216293335
1512060413394	0.07661445438861847	5.094861030578613	-2.719813108444214
1512060413414	0.1149216815829277	5.2480902671813965	-3.485957622528076
1512060413434	-0.1149216815829277	5.70777702331543	-3.6391866207122803
1512060413454	-0.26815059781074524	5.822698593139648	-3.6391866207122803
1512060413474	-0.4213795065879822	5.784391403198242	-4.060565948486328
1512060413494	-0.3447650372982025	5.631162166595459	-3.7158010005950928
1512060413514	-0.3064578175544739	5.631162166595459	-3.141192674636841
1512060413534	-0.2298433631658554	5.784391403198242	-2.873042106628418
1512060413554	-0.3447650372982025	5.861005783081055	-3.5625722408294678
1512060413574	-0.1149216815829277	5.975927352905273	-4.098873138427734
1512060413594	0.26815059781074524	5.899312973022461	-4.022258758544922
1512060413614	0.6129156351089478	5.5545477867126465	-3.7158010005950928
1512060413634	0.8810662031173706	5.477933406829834	-3.869029998779297
1512060413654	1.455674648284912	5.5545477867126465	-4.558559894561768
1512060413674	1.5322890281677246	5.4013190269470215	-4.63517427444458
1512060413694	1.1492167711257935	5.094861030578613	-4.137180328369141
1512060413714	1.0342950820922852	4.6734819412231445	-3.6391866207122803
1512060413734	1.8387469053268433	4.865017890930176	-3.600879430770874
1512060413754	3.2178070545196533	5.094861030578613	-4.558559894561768
1512060413774	2.9496564865112305	5.171475887298584	-5.363011837005615
1512060413794	2.8347349166870117	4.558559894561768	-5.2480902671813965
1512060413814	3.6391866207122803	4.137180328369141	-4.252102375030518
1512060413834	4.443638324737549	4.32871675491333	-4.175487995147705
1512060413854	4.558559894561768	4.865017890930176	-5.746084213256836
1512060413874	4.596867084503174	5.094861030578613	-6.703764915466309
1512060413894	4.9799394607543945	4.9799394607543945	-5.861005783081055
1512060413914	5.592854976654053	4.711789131164551	-5.094861030578613
1512060413934	6.320692539215088	5.056553840637207	-6.550535678863525
1512060413954	6.473921298980713	4.9799394607543945	-8.312667846679688
1512060413974	6.473921298980713	4.711789131164551	-7.354987621307373
1512060413994	7.469909191131592	4.405331134796143	-4.596867084503174
1512060414014	8.504204750061035	4.6734819412231445	-3.2561142444610596
1512060414034	8.159439086914062	4.252102375030518	-6.473921298980713
1512060414054	8.810662269592285	4.596867084503174	-6.090848922729492
1512060414074	10.228029251098633	4.443638324737549	-3.332728862762451
1512060414094	11.91354751586914	4.367023944854736	-2.911349296569824
1512060414114	11.683704376220703	5.056553840637207	-5.363011837005615
1512060414134	10.342951774597168	5.20978307723999	-8.389283180236816
1512060414154	9.768342971801758	5.2480902671813965	-8.734047889709473
1512060414175	9.768342971801758	5.324704647064209	-5.746084213256836
1512060414194	10.457873344421387	5.171475887298584	-3.179499864578247
1512060414214	10.611102104187012	5.324704647064209	-3.9839515686035156
1512060414234	10.036493301391602	5.477933406829834	-6.435614109039307
1512060414254	10.074800491333008	4.941632270812988	-7.4316020011901855
1512060414274	10.611102104187012	4.750096321105957	-6.435614109039307
1512060414294	11.377246856689453	4.213795185089111	-4.290409564971924
1512060414314	11.836933135986328	3.754108190536499	-2.3367409706115723
1512060414334	11.568782806396484	3.7924153804779053	-1.8770540952682495
1512060414354	11.070788383483887	3.332728862762451	-2.75812029838562
1512060414374	10.381258964538574	2.9496564865112305	-3.2178070545196533
1512060414394	10.879252433776855	2.9496564865112305	-3.3710360527038574
1512060414414	10.611102104187012	3.600879430770874	-3.9456443786621094
1512060414434	9.998186111450195	3.6391866207122803	-4.750096321105957
1512060414454	9.615114212036133	3.294421434402466	-4.520252704620361
1512060414474	9.691728591918945	3.3710360527038574	-3.332728862762451
1512060414494	9.653421401977539	2.873042106628418	-1.8770540952682495
1512060414514	9.232041358947754	2.9879636764526367	-1.5322890281677246
1512060414534	8.848969459533691	3.026270866394043	-1.723825216293335
1512060414554	8.542511940002441	3.2178070545196533	-2.4899697303771973
1512060414574	8.312667846679688	3.600879430770874	-3.141192674636841
1512060414594	8.121131896972656	3.5625722408294678	-3.600879430770874
1512060414614	7.967903137207031	3.6391866207122803	-3.5625722408294678
1512060414634	7.891288757324219	3.2561142444610596	-2.911349296569824
1512060414654	8.312667846679688	2.873042106628418	-2.145204782485962
1512060414674	8.580819129943848	2.75812029838562	-1.8387469053268433
1512060414694	8.96389102935791	2.6815059185028076	-1.8387469053268433
1512060414714	8.695740699768066	2.9879636764526367	-2.5282769203186035
1512060414734	8.542511940002441	2.911349296569824	-2.3750481605529785
1512060414754	8.542511940002441	2.5282769203186035	-1.9536685943603516
1512060414774	8.772355079650879	2.183511972427368	-1.3407529592514038
1512060414794	9.232041358947754	2.030282974243164	-1.3407529592514038
1512060414816	8.695740699768066	2.5282769203186035	-2.0685901641845703
1512060414834	8.006210327148438	2.604891538619995	-3.026270866394043
1512060414854	8.197746276855469	2.145204782485962	-3.179499864578247
1512060414874	9.730035781860352	1.9153614044189453	-3.064578056335449
1512060414894	10.266336441040039	2.2601263523101807	-4.060565948486328
1512060414914	9.768342971801758	2.4133553504943848	-5.439626216888428
1512060414934	9.308655738830566	1.5705963373184204	-5.018246650695801
1512060414954	9.53849983215332	1.455674648284912	-4.022258758544922
1512060414974	9.53849983215332	1.8387469053268433	-4.63517427444458
1512060414994	9.806650161743164	1.9153614044189453	-6.052541732788086
1512060415014	10.41956615447998	1.8387469053268433	-6.588842868804932
1512060415034	10.802638053894043	1.8770540952682495	-6.129156112670898
1512060415054	10.994174003601074	2.030282974243164	-6.320692539215088
1512060415074	10.994174003601074	1.8770540952682495	-7.354987621307373
1512060415094	11.30063247680664	1.8770540952682495	-7.7763671875
1512060415114	12.449849128723145	2.0685901641845703	-7.1251444816589355
1512060415135	13.139378547668457	2.3750481605529785	-6.933608055114746
1512060415154	12.756306648254395	2.4133553504943848	-7.623138427734375
1512060415174	12.48815631866455	2.451662540435791	-8.427590370178223
1512060415194	12.29662036895752	2.7964274883270264	-8.848969459533691
1512060415214	12.373234748840332	2.8347349166870117	-9.155426979064941
1512060415234	12.449849128723145	2.5665841102600098	-9.155426979064941
1512060415254	12.411541938781738	2.145204782485962	-8.08282470703125
1512060415274	11.798625946044922	2.1068975925445557	-6.856993675231934
1512060415294	11.683704376220703	2.0685901641845703	-6.282385349273682
1512060415314	11.1474027633667	2.2218191623687744	-6.473921298980713
1512060415334	10.304644584655762	2.298433542251587	-6.89530086517334
1512060415354	9.615114212036133	2.145204782485962	-6.627150535583496
1512060415374	9.308655738830566	2.0685901641845703	-5.746084213256836
1512060415394	8.619126319885254	2.030282974243164	-5.2480902671813965
1512060415414	7.891288757324219	2.2218191623687744	-5.171475887298584
1512060415434	7.048529624938965	2.4133553504943848	-4.481945514678955
1512060415455	6.052541732788086	2.873042106628418	-3.9456443786621094
1512060415474	5.018246650695801	3.2178070545196533	-4.481945514678955
1512060415494	3.869029998779297	3.7158010005950928	-5.20978307723999
1512060415514	2.9879636764526367	4.32871675491333	-5.70777702331543
1512060415534	2.7964274883270264	4.213795185089111	-6.205770969390869
1512060415554	2.719813108444214	4.405331134796143	-6.205770969390869
1512060415574	2.2601263523101807	4.558559894561768	-6.205770969390869
1512060415594	1.9153614044189453	4.558559894561768	-6.358999729156494
1512060415614	1.647210717201233	4.6734819412231445	-6.129156112670898
1512060415634	1.647210717201233	4.63517427444458	-5.2480902671813965
1512060415654	1.5705963373184204	4.520252704620361	-3.7158010005950928
1512060415674	1.5705963373184204	4.290409564971924	-2.75812029838562
1512060415694	0.8810662031173706	4.252102375030518	-2.719813108444214
1512060415714	0.15322890877723694	4.941632270812988	-2.9496564865112305
1512060415734	-0.49799394607543945	5.4013190269470215	-3.2561142444610596
1512060415754	-0.38307225704193115	4.9799394607543945	-3.179499864578247
1512060415774	-0.07661445438861847	4.367023944854736	-3.332728862762451
1512060415794	-0.5363011956214905	4.6734819412231445	-2.8347349166870117
1512060415814	-1.5705963373184204	5.2480902671813965	-2.5665841102600098
1512060415834	-1.8387469053268433	5.171475887298584	-2.7964274883270264
1512060415854	-1.4939818382263184	4.711789131164551	-2.7964274883270264
1512060415874	-1.1492167711257935	4.903325080871582	-3.141192674636841
1512060415894	-0.7661445140838623	5.20978307723999	-4.32871675491333
1512060415914	-0.9959878921508789	5.477933406829834	-5.4013190269470215
1512060415934	-1.0342950820922852	5.094861030578613	-5.937620162963867
1512060415954	-0.6512228846549988	5.286397457122803	-5.5545477867126465
1512060415974	-0.15322890877723694	5.861005783081055	-5.784391403198242
1512060415994	0.5363011956214905	6.01423454284668	-6.742072105407715
1512060416014	0.5363011956214905	5.746084213256836	-6.933608055114746
1512060416034	0.9959878921508789	5.70777702331543	-5.669469833374023
1512060416054	1.5322890281677246	5.822698593139648	-4.63517427444458
1512060416074	1.800439715385437	5.439626216888428	-4.9799394607543945
1512060416095	1.2641384601593018	4.9799394607543945	-5.631162166595459
1512060416114	1.6089035272598267	5.094861030578613	-5.631162166595459
1512060416134	2.5665841102600098	5.2480902671813965	-5.439626216888428
1512060416154	2.911349296569824	5.286397457122803	-6.512228488922119
1512060416174	2.451662540435791	5.171475887298584	-7.5848307609558105
1512060416194	2.7964274883270264	4.8267107009887695	-6.244078159332275
1512060416214	3.9839515686035156	4.750096321105957	-4.252102375030518
1512060416234	4.6734819412231445	4.405331134796143	-4.520252704620361
1512060416254	4.213795185089111	4.520252704620361	-5.899312973022461
1512060416274	4.405331134796143	4.367023944854736	-5.975927352905273
1512060416294	5.5545477867126465	4.558559894561768	-4.060565948486328
1512060416314	6.971915245056152	3.600879430770874	-3.7158010005950928
1512060416334	6.742072105407715	4.022258758544922	-5.592854976654053
1512060416354	7.086836814880371	4.443638324737549	-7.6997528076171875
1512060416374	7.891288757324219	4.32871675491333	-7.891288757324219
1512060416394	8.197746276855469	3.9456443786621094	-6.244078159332275
1512060416414	7.814674377441406	3.600879430770874	-4.175487995147705
1512060416434	7.316680431365967	3.44765043258667	-4.290409564971924
1512060416454	7.393294811248779	3.1028854846954346	-5.324704647064209
1512060416474	8.734047889709473	2.6815059185028076	-4.63517427444458
1512060416494	10.41956615447998	2.5282769203186035	-2.911349296569824
1512060416514	11.453861236572266	2.145204782485962	-2.911349296569824
1512060416534	11.262324333190918	2.6431987285614014	-4.367023944854736
1512060416554	11.109095573425293	3.179499864578247	-6.3973069190979
1512060416574	11.530475616455078	3.332728862762451	-6.244078159332275
1512060416594	12.181697845458984	2.9879636764526367	-4.788403511047363
1512060416614	12.564770698547363	2.6431987285614014	-3.600879430770874
1512060416634	12.449849128723145	2.3750481605529785	-3.485957622528076
1512060416654	12.22000503540039	2.6431987285614014	-3.869029998779297
1512060416674	12.143390655517578	2.75812029838562	-4.405331134796143
1512060416694	11.875240325927734	3.141192674636841	-4.865017890930176
1512060416714	11.492168426513672	2.911349296569824	-5.937620162963867
1512060416735	10.917559623718262	2.3367409706115723	-5.899312973022461
1512060416754	11.377246856689453	1.647210717201233	-4.63517427444458
1512060416774	12.832921028137207	0.9959878921508789	-4.405331134796143
1512060416794	12.48815631866455	1.1109095811843872	-6.129156112670898
1512060416814	11.1474027633667	1.1492167711257935	-7.623138427734375
1512060416834	9.768342971801758	1.4173674583435059	-7.240066051483154
1512060416854	9.002198219299316	1.1492167711257935	-5.746084213256836
1512060416874	9.002198219299316	0.9193734526634216	-4.290409564971924
1512060416894	9.040505409240723	1.2641384601593018	-3.5625722408294678
1512060416914	9.078812599182129	1.6089035272598267	-3.6774938106536865
1512060416934	8.887276649475098	1.723825216293335	-4.290409564971924
1512060416954	8.619126319885254	1.800439715385437	-4.098873138427734
1512060416974	8.695740699768066	1.5705963373184204	-3.754108190536499
1512060416994	8.887276649475098	1.5705963373184204	-3.485957622528076
1512060417014	8.96389102935791	1.9153614044189453	-3.5625722408294678
1512060417034	8.810662269592285	1.9536685943603516	-3.294421434402466
1512060417055	8.65743350982666	2.1068975925445557	-2.75812029838562
1512060417074	8.427590370178223	2.183511972427368	-2.6431987285614014
1512060417094	8.734047889709473	2.183511972427368	-2.3367409706115723
1512060417114	8.810662269592285	2.2601263523101807	-1.8387469053268433
1512060417134	8.887276649475098	2.3750481605529785	-1.6855180263519287
1512060417154	8.887276649475098	2.451662540435791	-1.455674648284912
1512060417174	8.695740699768066	2.4899697303771973	-0.9193734526634216
1512060417194	8.734047889709473	2.3367409706115723	-0.3447650372982025
1512060417214	8.695740699768066	2.183511972427368	-0.2298433631658554
1512060417234	8.695740699768066	2.145204782485962	-1.1492167711257935
1512060417254	8.542511940002441	2.145204782485962	-1.4939818382263184
1512060417274	8.695740699768066	2.030282974243164	-1.9153614044189453
1512060417294	8.810662269592285	1.8387469053268433	-1.8770540952682495
1512060417314	8.619126319885254	1.723825216293335	-1.9919757843017578
1512060417334	8.542511940002441	1.4939818382263184	-2.2218191623687744
1512060417354	8.810662269592285	1.5322890281677246	-2.8347349166870117
1512060417375	9.27034854888916	1.6089035272598267	-3.7158010005950928
1512060417394	9.385271072387695	1.6855180263519287	-4.252102375030518
1512060417414	9.576807022094727	1.37906014919281	-4.558559894561768
1512060417434	9.768342971801758	1.2258312702178955	-4.175487995147705
1512060417454	10.036493301391602	1.3407529592514038	-4.405331134796143
1512060417474	10.036493301391602	1.5322890281677246	-5.477933406829834
1512060417494	10.113107681274414	1.455674648284912	-6.320692539215088
1512060417514	10.611102104187012	1.6089035272598267	-6.435614109039307
1512060417534	11.453861236572266	1.6855180263519287	-6.129156112670898
1512060417554	11.530475616455078	1.9536685943603516	-6.244078159332275
1512060417574	11.951854705810547	1.8770540952682495	-6.742072105407715
1512060417594	12.334927558898926	1.9153614044189453	-6.703764915466309
1512060417614	12.756306648254395	1.8770540952682495	-6.588842868804932
1512060417634	12.60307788848877	1.9153614044189453	-6.320692539215088
1512060417654	12.717999458312988	1.7621324062347412	-6.473921298980713
1512060417674	13.369222640991211	1.800439715385437	-6.780379295349121
1512060417694	13.675680160522461	1.9919757843017578	-7.623138427734375
1512060417714	13.905523300170898	1.5322890281677246	-7.240066051483154
1512060417734	13.560758590698242	1.37906014919281	-6.780379295349121
1512060417754	13.139378547668457	1.455674648284912	-6.090848922729492
1512060417774	12.526463508605957	1.7621324062347412	-5.861005783081055
1512060417794	11.60708999633789	1.7621324062347412	-6.3973069190979
1512060417814	10.84094524383545	2.0685901641845703	-6.971915245056152
1512060417834	10.15141487121582	2.604891538619995	-7.086836814880371
1512060417854	9.730035781860352	2.604891538619995	-6.358999729156494
1512060417874	9.768342971801758	2.4899697303771973	-5.363011837005615
1512060417894	9.308655738830566	2.75812029838562	-4.9799394607543945
1512060417914	8.312667846679688	3.4093432426452637	-5.631162166595459
1512060417934	7.4316020011901855	3.7924153804779053	-6.512228488922119
1512060417954	6.933608055114746	3.485957622528076	-6.703764915466309
1512060417974	6.703764915466309	3.485957622528076	-5.937620162963867
1512060417994	5.669469833374023	3.4093432426452637	-4.941632270812988
1512060418014	5.171475887298584	3.1028854846954346	-4.481945514678955
1512060418034	4.481945514678955	3.6391866207122803	-5.20978307723999
1512060418054	3.294421434402466	4.098873138427734	-5.592854976654053
1512060418074	2.8347349166870117	3.754108190536499	-5.171475887298584
1512060418094	2.2601263523101807	3.907337188720703	-4.137180328369141
1512060418114	1.6855180263519287	4.022258758544922	-2.9879636764526367
1512060418134	1.5322890281677246	3.907337188720703	-2.1068975925445557
1512060418154	0.9576807022094727	4.443638324737549	-1.8387469053268433
1512060418174	0.5363011956214905	5.018246650695801	-2.2601263523101807
1512060418194	0.3064578175544739	5.1331682205200195	-2.75812029838562
1512060418214	-0.038307227194309235	4.9799394607543945	-2.75812029838562
1512060418234	-0.15322890877723694	5.20978307723999	-2.911349296569824
1512060418254	-0.4596867263317108	5.477933406829834	-2.9879636764526367
1512060418275	-1.072602391242981	5.631162166595459	-2.9496564865112305
1512060418294	-1.3024457693099976	5.784391403198242	-3.2178070545196533
1512060418314	-1.1875240802764893	5.70777702331543	-3.9456443786621094
1512060418334	-0.8044517636299133	5.784391403198242	-4.596867084503174
1512060418354	-0.5363011956214905	5.899312973022461	-4.367023944854736
1512060418374	-0.6512228846549988	5.822698593139648	-3.9456443786621094
1512060418394	-1.37906014919281	5.822698593139648	-3.9839515686035156
1512060418414	-1.6089035272598267	5.631162166595459	-4.213795185089111
1512060418434	-1.4939818382263184	5.51624059677124	-4.137180328369141
1512060418454	-0.9576807022094727	5.4013190269470215	-4.443638324737549
1512060418474	-1.0342950820922852	5.5545477867126465	-5.1331682205200195
1512060418494	-1.3407529592514038	5.937620162963867	-5.899312973022461
1512060418514	-1.1875240802764893	5.937620162963867	-5.861005783081055
1512060418534	-0.38307225704193115	5.592854976654053	-5.324704647064209
1512060418554	0.15322890877723694	5.51624059677124	-4.941632270812988
1512060418574	-0.07661445438861847	5.51624059677124	-5.439626216888428
1512060418595	-0.15322890877723694	5.631162166595459	-5.286397457122803
1512060418614	1.37906014919281	5.439626216888428	-3.6391866207122803
1512060418634	2.4133553504943848	5.4013190269470215	-4.443638324737549
1512060418654	2.030282974243164	5.784391403198242	-5.899312973022461
1512060418674	1.9919757843017578	5.669469833374023	-6.167463779449463
1512060418694	2.7964274883270264	5.592854976654053	-5.2480902671813965
1512060418714	3.7924153804779053	4.9799394607543945	-5.5545477867126465
1512060418734	3.6774938106536865	5.1331682205200195	-6.856993675231934
1512060418754	3.44765043258667	5.477933406829834	-7.8529815673828125
1512060418774	3.3710360527038574	5.51624059677124	-7.316680431365967
1512060418794	4.022258758544922	4.865017890930176	-6.742072105407715
1512060418814	4.32871675491333	4.481945514678955	-7.163451671600342
1512060418834	4.060565948486328	4.750096321105957	-8.08282470703125
1512060418854	4.367023944854736	5.171475887298584	-8.695740699768066
1512060418874	4.788403511047363	4.941632270812988	-8.580819129943848
1512060418894	4.711789131164551	4.405331134796143	-8.236053466796875
1512060418915	4.63517427444458	3.907337188720703	-7.2783732414245605
1512060418935	5.056553840637207	4.252102375030518	-6.627150535583496
1512060418954	5.746084213256836	4.63517427444458	-7.354987621307373
1512060418974	5.746084213256836	4.750096321105957	-8.312667846679688
1512060418994	6.01423454284668	3.9839515686035156	-6.780379295349121
1512060419014	7.5848307609558105	3.600879430770874	-4.213795185089111
1512060419034	8.96389102935791	3.485957622528076	-3.7158010005950928
1512060419054	9.346963882446289	3.600879430770874	-5.477933406829834
1512060419074	9.385271072387695	3.332728862762451	-6.89530086517334
1512060419094	10.228029251098633	3.5625722408294678	-5.937620162963867
1512060419114	10.917559623718262	4.32871675491333	-6.512228488922119
1512060419134	10.304644584655762	4.367023944854736	-8.810662269592285
1512060419154	9.078812599182129	4.290409564971924	-10.036493301391602
1512060419174	8.619126319885254	3.907337188720703	-8.887276649475098
1512060419194	9.232041358947754	3.141192674636841	-6.627150535583496
1512060419214	9.959878921508789	3.6391866207122803	-5.784391403198242
1512060419234	9.500192642211914	3.7924153804779053	-6.588842868804932
1512060419254	8.197746276855469	3.869029998779297	-8.006210327148438
1512060419274	7.4316020011901855	4.022258758544922	-7.546523571014404
1512060419294	8.159439086914062	3.7158010005950928	-5.746084213256836
1512060419314	9.193734169006348	3.332728862762451	-4.405331134796143
1512060419334	9.423578262329102	2.911349296569824	-3.6774938106536865
1512060419354	9.461885452270508	2.4899697303771973	-3.907337188720703
1512060419374	9.53849983215332	2.7964274883270264	-4.6734819412231445
1512060419394	9.615114212036133	3.141192674636841	-5.70777702331543
1512060419414	9.078812599182129	3.141192674636841	-6.090848922729492
1512060419434	9.078812599182129	2.9879636764526367	-5.51624059677124
1512060419454	9.308655738830566	2.6431987285614014	-3.869029998779297
1512060419474	9.768342971801758	2.2218191623687744	-2.604891538619995
1512060419494	9.959878921508789	2.030282974243164	-2.183511972427368
1512060419514	9.768342971801758	1.800439715385437	-2.451662540435791
1512060419534	9.308655738830566	1.9153614044189453	-3.3710360527038574
1512060419554	9.423578262329102	2.298433542251587	-4.175487995147705
1512060419574	9.078812599182129	3.064578056335449	-4.941632270812988
1512060419594	8.772355079650879	3.141192674636841	-5.20978307723999
1512060419614	8.465897560119629	3.2561142444610596	-4.711789131164551
1512060419634	8.312667846679688	3.141192674636841	-3.907337188720703
1512060419654	8.427590370178223	3.064578056335449	-3.44765043258667
1512060419674	8.848969459533691	3.294421434402466	-3.3710360527038574
1512060419694	9.232041358947754	3.3710360527038574	-2.8347349166870117
1512060419714	9.500192642211914	3.44765043258667	-1.8387469053268433
1512060419734	9.423578262329102	3.4093432426452637	-1.1875240802764893
1512060419754	9.117119789123535	3.332728862762451	-1.4173674583435059
1512060419774	8.848969459533691	3.2561142444610596	-1.6089035272598267
1512060419794	8.848969459533691	2.911349296569824	-1.5705963373184204
1512060419814	8.925583839416504	2.6815059185028076	-1.37906014919281
1512060419834	8.772355079650879	2.6431987285614014	-1.455674648284912
1512060419854	8.65743350982666	2.6431987285614014	-1.5705963373184204
1512060419874	8.695740699768066	2.4133553504943848	-1.800439715385437
1512060419894	8.810662269592285	2.2601263523101807	-1.6855180263519287
1512060419914	8.925583839416504	2.1068975925445557	-1.9536685943603516
1512060419934	8.848969459533691	2.298433542251587	-2.0685901641845703
1512060419954	8.887276649475098	2.2218191623687744	-2.3367409706115723
1512060419974	8.542511940002441	2.5665841102600098	-2.298433542251587
1512060419995	7.7763671875	2.7964274883270264	-3.064578056335449
1512060420014	7.929595947265625	2.604891538619995	-3.5625722408294678
1512060420034	8.465897560119629	2.145204782485962	-3.4093432426452637
1512060420054	8.695740699768066	2.030282974243164	-3.6774938106536865
1512060420074	8.389283180236816	2.145204782485962	-4.481945514678955
1512060420094	7.546523571014404	2.3750481605529785	-5.631162166595459
1512060420114	7.469909191131592	2.145204782485962	-6.512228488922119
1512060420134	8.274360656738281	1.7621324062347412	-6.3973069190979
1512060420154	9.308655738830566	1.5705963373184204	-5.784391403198242
1512060420174	9.806650161743164	1.647210717201233	-6.090848922729492
1512060420194	9.691728591918945	1.800439715385437	-6.742072105407715
1512060420214	9.078812599182129	1.8387469053268433	-6.933608055114746
1512060420234	9.998186111450195	1.4939818382263184	-7.010222434997559
1512060420255	10.994174003601074	1.6855180263519287	-7.086836814880371
1512060420274	11.070788383483887	2.145204782485962	-7.661445617675781
1512060420294	10.955866813659668	2.183511972427368	-7.8529815673828125
1512060420314	10.802638053894043	2.183511972427368	-7.316680431365967
1512060420334	10.266336441040039	2.3367409706115723	-7.4316020011901855
1512060420354	10.5344877243042	2.3750481605529785	-8.274360656738281
1512060420374	11.03248119354248	2.3367409706115723	-8.848969459533691
1512060420394	11.1474027633667	2.4899697303771973	-8.35097599029541
1512060420414	11.070788383483887	2.3750481605529785	-7.508216381072998
1512060420434	10.5344877243042	2.4133553504943848	-7.240066051483154
1512060420454	9.768342971801758	2.9496564865112305	-7.508216381072998
1512060420474	10.342951774597168	2.8347349166870117	-7.354987621307373
1512060420494	10.189722061157227	2.911349296569824	-7.240066051483154
1512060420514	9.27034854888916	3.294421434402466	-7.738059997558594
1512060420534	8.389283180236816	3.179499864578247	-8.197746276855469
1512060420554	8.465897560119629	2.75812029838562	-7.661445617675781
1512060420575	9.232041358947754	2.4899697303771973	-6.665457725524902
1512060420594	8.925583839416504	2.873042106628418	-6.512228488922119
1512060420614	8.006210327148438	3.026270866394043	-8.197746276855469
1512060420634	7.4316020011901855	3.064578056335449	-8.734047889709473
1512060420654	7.086836814880371	3.2178070545196533	-7.546523571014404
1512060420674	6.742072105407715	3.2561142444610596	-6.588842868804932
1512060420694	5.822698593139648	3.332728862762451	-6.550535678863525
1512060420714	4.8267107009887695	3.600879430770874	-6.588842868804932
1512060420734	4.137180328369141	4.137180328369141	-6.818686485290527
1512060420754	3.9839515686035156	4.367023944854736	-8.197746276855469
1512060420774	3.9456443786621094	4.481945514678955	-9.959878921508789
1512060420794	3.6774938106536865	4.443638324737549	-10.266336441040039
1512060420814	3.2178070545196533	4.32871675491333	-7.393294811248779
1512060420834	2.5665841102600098	3.907337188720703	-4.060565948486328
1512060420854	1.072602391242981	4.022258758544922	-3.332728862762451
1512060420874	0.38307225704193115	3.5242648124694824	-3.2178070545196533
1512060420894	0.19153612852096558	3.5242648124694824	-0.8810662031173706
1512060420914	0.49799394607543945	3.2561142444610596	0.19153612852096558
1512060420934	0.07661445438861847	4.252102375030518	-0.4596867263317108
1512060420954	-0.26815059781074524	5.018246650695801	-2.7964274883270264
1512060420974	-0.07661445438861847	5.4013190269470215	-4.290409564971924
1512060420994	-0.038307227194309235	5.363011837005615	-4.022258758544922
1512060421014	-0.689530074596405	5.363011837005615	-3.294421434402466
1512060421034	-1.3407529592514038	5.477933406829834	-3.294421434402466
1512060421054	-1.800439715385437	5.477933406829834	-3.6391866207122803
1512060421074	-1.723825216293335	5.363011837005615	-3.9456443786621094
1512060421094	-1.9919757843017578	5.51624059677124	-3.907337188720703
1512060421114	-2.145204782485962	5.5545477867126465	-3.8307228088378906
1512060421134	-2.030282974243164	5.669469833374023	-4.213795185089111
1512060421154	-1.7621324062347412	5.631162166595459	-4.63517427444458
1512060421174	-1.4939818382263184	5.899312973022461	-4.8267107009887695
1512060421194	-1.3024457693099976	6.090848922729492	-5.056553840637207
1512060421214	-0.9576807022094727	5.822698593139648	-5.171475887298584
1512060421234	-0.689530074596405	5.631162166595459	-4.6734819412231445
1512060421254	-0.3447650372982025	5.5545477867126465	-3.754108190536499
1512060421275	0.0	5.822698593139648	-3.3710360527038574
1512060421294	0.689530074596405	5.70777702331543	-3.9839515686035156
1512060421314	1.37906014919281	5.70777702331543	-4.558559894561768
1512060421334	1.4939818382263184	6.129156112670898	-5.018246650695801
1512060421354	1.1875240802764893	6.052541732788086	-5.5545477867126465
1512060421374	1.8387469053268433	5.592854976654053	-5.899312973022461
1512060421394	2.5665841102600098	5.631162166595459	-5.477933406829834
1512060421414	2.8347349166870117	6.01423454284668	-5.056553840637207
1512060421434	2.719813108444214	5.746084213256836	-5.439626216888428
1512060421454	2.6815059185028076	5.2480902671813965	-5.899312973022461
1512060421474	3.332728862762451	5.20978307723999	-5.861005783081055
1512060421494	4.558559894561768	5.286397457122803	-5.20978307723999
1512060421514	5.477933406829834	4.750096321105957	-5.094861030578613
1512060421534	5.477933406829834	4.596867084503174	-5.5545477867126465
1512060421554	5.2480902671813965	5.094861030578613	-6.550535678863525
1512060421574	5.2480902671813965	5.324704647064209	-6.818686485290527
1512060421595	5.2480902671813965	4.63517427444458	-6.320692539215088
1512060421614	5.784391403198242	3.7924153804779053	-5.20978307723999
1512060421634	6.971915245056152	4.022258758544922	-4.6734819412231445
1512060421654	7.5848307609558105	4.8267107009887695	-6.090848922729492
1512060421674	7.393294811248779	4.903325080871582	-8.925583839416504
1512060421694	7.086836814880371	4.596867084503174	-9.078812599182129
1512060421714	7.4316020011901855	4.175487995147705	-5.975927352905273
1512060421734	8.619126319885254	3.907337188720703	-3.485957622528076
1512060421754	9.423578262329102	4.367023944854736	-4.405331134796143
1512060421774	8.772355079650879	5.056553840637207	-7.8529815673828125
1512060421794	8.044517517089844	5.171475887298584	-9.040505409240723
1512060421814	8.504204750061035	4.060565948486328	-5.477933406829834
1512060421834	8.848969459533691	3.485957622528076	-3.907337188720703
1512060421854	9.423578262329102	3.3710360527038574	-4.558559894561768
1512060421874	9.84495735168457	3.754108190536499	-6.435614109039307
1512060421894	10.036493301391602	3.7158010005950928	-6.933608055114746
1512060421915	10.764330863952637	3.2561142444610596	-5.592854976654053
1512060421934	11.530475616455078	3.294421434402466	-4.098873138427734
1512060421954	11.30063247680664	3.141192674636841	-4.290409564971924
1512060421974	10.41956615447998	3.4093432426452637	-5.439626216888428
1512060421994	10.113107681274414	3.44765043258667	-5.937620162963867
1512060422014	10.15141487121582	3.141192674636841	-5.20978307723999
1512060422034	10.649409294128418	2.719813108444214	-4.137180328369141
1512060422054	10.917559623718262	2.6431987285614014	-3.3710360527038574
1512060422074	10.304644584655762	2.9879636764526367	-2.719813108444214
1512060422094	9.730035781860352	3.1028854846954346	-3.179499864578247
1512060422114	9.730035781860352	2.8347349166870117	-3.6391866207122803
1512060422134	10.074800491333008	2.6431987285614014	-3.4093432426452637
1512060422154	10.611102104187012	2.4133553504943848	-3.026270866394043
1512060422174	10.611102104187012	2.2218191623687744	-3.064578056335449
1512060422194	10.15141487121582	2.0685901641845703	-2.9879636764526367
1512060422214	9.730035781860352	1.8387469053268433	-3.1028854846954346
1512060422234	9.921571731567383	1.7621324062347412	-3.1028854846954346
1512060422254	10.036493301391602	1.7621324062347412	-3.294421434402466
1512060422274	9.730035781860352	1.6089035272598267	-3.179499864578247
1512060422294	9.346963882446289	1.7621324062347412	-3.064578056335449
1512060422314	8.887276649475098	1.9919757843017578	-3.026270866394043
1512060422334	8.427590370178223	2.4133553504943848	-3.179499864578247
1512060422354	8.236053466796875	2.5282769203186035	-2.9496564865112305
1512060422374	8.35097599029541	2.183511972427368	-1.9153614044189453
1512060422394	8.619126319885254	2.183511972427368	-1.3024457693099976
1512060422414	8.848969459533691	2.0685901641845703	-1.1109095811843872
1512060422434	9.155426979064941	2.145204782485962	-1.2258312702178955
1512060422454	9.002198219299316	2.2601263523101807	-1.455674648284912
1512060422474	8.925583839416504	2.3367409706115723	-1.4173674583435059
1512060422494	9.117119789123535	2.3750481605529785	-1.455674648284912
1512060422514	9.53849983215332	2.451662540435791	-1.2641384601593018
1512060422534	9.53849983215332	2.3750481605529785	-1.0342950820922852
1512060422554	9.500192642211914	2.298433542251587	-0.9193734526634216
1512060422574	9.346963882446289	2.3367409706115723	-1.3024457693099976
1512060422594	9.155426979064941	2.0685901641845703	-1.6855180263519287
1512060422614	8.96389102935791	1.9919757843017578	-1.647210717201233
1512060422634	8.772355079650879	1.8770540952682495	-1.7621324062347412
1512060422654	8.197746276855469	1.7621324062347412	-2.145204782485962
1512060422674	7.967903137207031	1.6089035272598267	-2.604891538619995
1512060422694	8.389283180236816	1.7621324062347412	-3.44765043258667
1512060422714	8.772355079650879	2.145204782485962	-5.094861030578613
1512060422734	8.772355079650879	1.9919757843017578	-5.363011837005615
1512060422754	9.078812599182129	1.647210717201233	-3.907337188720703
1512060422774	9.423578262329102	1.2258312702178955	-2.2601263523101807
1512060422794	9.959878921508789	1.1875240802764893	-2.0685901641845703
1512060422815	10.457873344421387	1.0342950820922852	-2.5665841102600098
1512060422834	11.03248119354248	1.37906014919281	-3.332728862762451
1512060422854	10.802638053894043	2.183511972427368	-5.20978307723999
1512060422874	10.381258964538574	2.298433542251587	-6.89530086517334
1512060422894	10.764330863952637	2.2601263523101807	-7.010222434997559
1512060422914	11.492168426513672	2.145204782485962	-6.167463779449463
1512060422934	11.72201156616211	2.183511972427368	-5.899312973022461
1512060422954	11.568782806396484	2.1068975925445557	-6.780379295349121
1512060422974	11.798625946044922	2.298433542251587	-7.8529815673828125
1512060422994	12.411541938781738	2.4133553504943848	-7.8529815673828125
1512060423014	12.449849128723145	2.4899697303771973	-7.5848307609558105
1512060423034	12.066776275634766	2.298433542251587	-7.929595947265625
1512060423054	11.645397186279297	2.030282974243164	-8.312667846679688
1512060423074	11.645397186279297	2.3367409706115723	-8.006210327148438
1512060423094	11.836933135986328	2.4133553504943848	-7.508216381072998
1512060423114	11.530475616455078	2.451662540435791	-7.623138427734375
1512060423134	11.224017143249512	2.4899697303771973	-7.316680431365967
1512060423154	10.879252433776855	2.8347349166870117	-6.780379295349121
1512060423174	10.113107681274414	2.6815059185028076	-6.89530086517334
1512060423194	10.036493301391602	2.75812029838562	-6.856993675231934
1512060423214	9.730035781860352	2.9496564865112305	-6.3973069190979
1512060423234	9.002198219299316	3.179499864578247	-6.435614109039307
1512060423254	8.35097599029541	3.2178070545196533	-6.780379295349121
1512060423274	7.201758861541748	3.2561142444610596	-6.856993675231934
1512060423294	6.473921298980713	3.485957622528076	-6.090848922729492
1512060423314	5.975927352905273	3.5625722408294678	-5.477933406829834
1512060423334	5.286397457122803	3.600879430770874	-5.822698593139648
1512060423354	4.9799394607543945	3.8307228088378906	-6.780379295349121
1512060423374	4.63517427444458	4.098873138427734	-6.971915245056152
1512060423394	3.7924153804779053	4.213795185089111	-6.435614109039307
1512060423414	3.3710360527038574	3.9839515686035156	-5.056553840637207
1512060423434	2.873042106628418	3.7158010005950928	-3.754108190536499
1512060423455	2.3367409706115723	3.754108190536499	-2.9879636764526367
1512060423474	1.8387469053268433	4.175487995147705	-3.294421434402466
1512060423494	1.1875240802764893	4.520252704620361	-3.5242648124694824
1512060423514	0.689530074596405	4.63517427444458	-3.907337188720703
1512060423534	0.3447650372982025	4.941632270812988	-3.9456443786621094
1512060423554	0.07661445438861847	5.2480902671813965	-3.9456443786621094
1512060423574	-0.19153612852096558	5.51624059677124	-4.060565948486328
1512060423594	-0.689530074596405	5.70777702331543	-3.869029998779297
1512060423614	-1.072602391242981	5.631162166595459	-3.064578056335449
1512060423634	-1.2258312702178955	5.592854976654053	-2.3750481605529785
1512060423654	-1.4173674583435059	5.4013190269470215	-1.8770540952682495
1512060423674	-1.4939818382263184	5.669469833374023	-1.8770540952682495
1512060423694	-1.5322890281677246	5.784391403198242	-2.5665841102600098
1512060423714	-1.2641384601593018	6.167463779449463	-3.44765043258667
1512060423734	-1.2641384601593018	6.052541732788086	-3.7924153804779053
1512060423754	-1.4173674583435059	5.861005783081055	-3.141192674636841
1512060423775	-1.37906014919281	5.669469833374023	-2.2218191623687744
1512060423794	-1.4173674583435059	5.70777702331543	-2.183511972427368
1512060423814	-1.455674648284912	5.937620162963867	-2.9879636764526367
1512060423834	-1.2641384601593018	6.129156112670898	-3.869029998779297
1512060423854	-0.9193734526634216	6.282385349273682	-4.32871675491333
1512060423874	-0.3064578175544739	6.090848922729492	-4.32871675491333
1512060423894	0.0	5.784391403198242	-4.213795185089111
1512060423914	0.19153612852096558	5.746084213256836	-4.213795185089111
1512060423934	0.689530074596405	5.324704647064209	-3.7924153804779053
1512060423954	1.2641384601593018	4.711789131164551	-3.332728862762451
1512060423974	1.2641384601593018	4.903325080871582	-3.294421434402466
1512060423994	0.5363011956214905	5.324704647064209	-4.137180328369141
1512060424014	0.8427590131759644	5.1331682205200195	-4.367023944854736
1512060424034	2.451662540435791	4.9799394607543945	-3.869029998779297
1512060424054	4.060565948486328	5.018246650695801	-4.175487995147705
1512060424074	3.5625722408294678	5.631162166595459	-6.473921298980713
1512060424095	2.873042106628418	5.975927352905273	-6.512228488922119
1512060424114	3.141192674636841	5.631162166595459	-5.2480902671813965
1512060424134	4.252102375030518	4.8267107009887695	-5.056553840637207
1512060424154	5.363011837005615	4.903325080871582	-5.822698593139648
1512060424174	5.70777702331543	5.784391403198242	-7.4316020011901855
1512060424194	5.592854976654053	6.358999729156494	-8.925583839416504
1512060424214	5.784391403198242	5.70777702331543	-8.848969459533691
1512060424234	6.320692539215088	5.477933406829834	-7.1251444816589355
1512060424254	7.393294811248779	5.286397457122803	-7.048529624938965
1512060424274	6.971915245056152	6.167463779449463	-8.580819129943848
1512060424294	6.550535678863525	5.899312973022461	-8.236053466796875
1512060424314	7.393294811248779	5.669469833374023	-5.70777702331543
1512060424334	8.044517517089844	5.975927352905273	-5.20978307723999
1512060424354	8.312667846679688	5.899312973022461	-7.6997528076171875
1512060424374	8.427590370178223	5.822698593139648	-8.65743350982666
1512060424394	8.389283180236816	5.631162166595459	-5.937620162963867
1512060424414	9.308655738830566	4.788403511047363	-2.2218191623687744
1512060424434	10.266336441040039	4.098873138427734	-0.6512228846549988
1512060424454	10.611102104187012	4.175487995147705	-2.030282974243164
1512060424474	10.342951774597168	4.137180328369141	-4.941632270812988
1512060424494	10.036493301391602	4.213795185089111	-5.363011837005615
1512060424514	10.036493301391602	4.022258758544922	-2.911349296569824
1512060424534	10.228029251098633	3.7158010005950928	-2.6815059185028076
1512060424554	10.572794914245605	3.44765043258667	-3.6391866207122803
1512060424574	10.649409294128418	3.2561142444610596	-3.9839515686035156
1512060424594	10.879252433776855	3.332728862762451	-4.443638324737549
1512060424614	10.457873344421387	3.907337188720703	-6.244078159332275
1512060424634	9.53849983215332	4.32871675491333	-8.35097599029541
1512060424654	9.155426979064941	3.869029998779297	-8.044517517089844
1512060424674	9.040505409240723	3.2561142444610596	-5.439626216888428
1512060424694	9.117119789123535	2.451662540435791	-3.141192674636841
1512060424714	9.308655738830566	2.2218191623687744	-1.9919757843017578
1512060424734	9.576807022094727	2.183511972427368	-2.1068975925445557
1512060424754	9.653421401977539	2.604891538619995	-3.141192674636841
1512060424774	9.653421401977539	2.719813108444214	-3.754108190536499
1512060424795	9.84495735168457	2.5282769203186035	-3.179499864578247
1512060424814	10.113107681274414	2.604891538619995	-2.2601263523101807
1512060424834	10.15141487121582	2.5665841102600098	-2.145204782485962
1512060424854	10.074800491333008	2.6431987285614014	-2.75812029838562
1512060424874	9.730035781860352	2.9879636764526367	-2.9496564865112305
1512060424894	9.653421401977539	2.911349296569824	-2.6431987285614014
1512060424914	9.576807022094727	2.9496564865112305	-1.8770540952682495
1512060424934	9.193734169006348	3.1028854846954346	-1.6089035272598267
1512060424954	8.925583839416504	3.1028854846954346	-1.9153614044189453
1512060424974	8.96389102935791	3.064578056335449	-2.5665841102600098
1512060424994	8.925583839416504	2.9879636764526367	-2.4899697303771973
1512060425014	9.002198219299316	2.873042106628418	-2.2601263523101807
1512060425034	9.040505409240723	2.604891538619995	-1.6089035272598267
1512060425054	9.078812599182129	2.4133553504943848	-1.072602391242981
1512060425074	9.002198219299316	2.2601263523101807	-0.8427590131759644
1512060425094	8.810662269592285	2.2601263523101807	-1.1109095811843872
1512060425114	8.810662269592285	2.3750481605529785	-1.6855180263519287
1512060425134	8.810662269592285	2.4133553504943848	-1.8770540952682495
1512060425154	8.772355079650879	2.2218191623687744	-1.3407529592514038
1512060425174	8.65743350982666	1.9536685943603516	-0.8427590131759644
1512060425194	8.887276649475098	1.723825216293335	-0.6129156351089478
1512060425214	8.848969459533691	1.8387469053268433	-1.072602391242981
1512060425234	8.925583839416504	1.7621324062347412	-1.6855180263519287
1512060425254	8.465897560119629	1.9153614044189453	-2.604891538619995
1512060425274	8.35097599029541	1.9153614044189453	-2.9879636764526367
1512060425294	8.848969459533691	1.6855180263519287	-2.9496564865112305
1512060425314	9.653421401977539	1.8387469053268433	-2.9879636764526367
1512060425334	9.959878921508789	1.8770540952682495	-3.6774938106536865
1512060425354	10.074800491333008	1.8387469053268433	-3.9456443786621094
1512060425374	9.959878921508789	1.9153614044189453	-3.6774938106536865
1512060425394	10.074800491333008	1.723825216293335	-4.252102375030518
1512060425414	10.41956615447998	1.5705963373184204	-4.481945514678955
1512060425434	11.070788383483887	1.647210717201233	-4.137180328369141
1512060425454	11.453861236572266	1.455674648284912	-4.137180328369141
1512060425474	11.645397186279297	1.9153614044189453	-4.8267107009887695
1512060425494	11.530475616455078	2.1068975925445557	-6.358999729156494
1512060425514	11.338939666748047	2.183511972427368	-7.623138427734375
1512060425534	11.41555404663086	2.145204782485962	-7.967903137207031
1512060425554	12.105083465576172	2.030282974243164	-7.546523571014404
1512060425574	12.411541938781738	1.9153614044189453	-7.010222434997559
1512060425594	12.181697845458984	2.0685901641845703	-6.971915245056152
1512060425614	11.645397186279297	1.8770540952682495	-6.933608055114746
1512060425634	11.990161895751953	1.4173674583435059	-5.861005783081055
1512060425654	12.258312225341797	1.1875240802764893	-5.094861030578613
1512060425674	11.91354751586914	1.723825216293335	-5.51624059677124
1512060425694	11.453861236572266	2.2601263523101807	-7.891288757324219
1512060425714	11.41555404663086	2.5282769203186035	-9.385271072387695
1512060425734	11.760318756103516	2.030282974243164	-8.925583839416504
1512060425754	11.72201156616211	1.9153614044189453	-7.354987621307373
1512060425774	11.41555404663086	2.0685901641845703	-6.512228488922119
1512060425794	11.1474027633667	2.030282974243164	-6.856993675231934
1512060425814	10.457873344421387	2.2601263523101807	-7.163451671600342
1512060425834	10.189722061157227	2.2218191623687744	-7.086836814880371
1512060425854	9.84495735168457	2.4133553504943848	-6.205770969390869
1512060425874	9.346963882446289	2.2601263523101807	-6.244078159332275
1512060425894	7.891288757324219	2.719813108444214	-6.856993675231934
1512060425914	7.623138427734375	3.026270866394043	-7.738059997558594
1512060425934	6.933608055114746	2.7964274883270264	-7.7763671875
1512060425954	6.282385349273682	2.2218191623687744	-7.2783732414245605
1512060425974	5.20978307723999	2.719813108444214	-5.937620162963867
1512060425994	4.481945514678955	2.873042106628418	-4.865017890930176
1512060426014	3.332728862762451	2.9496564865112305	-3.7924153804779053
1512060426034	2.1068975925445557	3.1028854846954346	-2.298433542251587
1512060426054	1.2641384601593018	3.44765043258667	-0.9959878921508789
1512060426074	0.8427590131759644	3.9839515686035156	-0.49799394607543945
1512060426094	0.9576807022094727	4.252102375030518	-0.7661445140838623
1512060426114	0.6129156351089478	5.171475887298584	-0.9576807022094727
1512060426134	0.5746083855628967	5.363011837005615	-0.8044517636299133
1512060426154	0.49799394607543945	5.2480902671813965	-0.3064578175544739
1512060426174	0.38307225704193115	5.592854976654053	-0.3447650372982025
1512060426194	0.2298433631658554	5.822698593139648	-0.689530074596405
1512060426214	-0.038307227194309235	6.129156112670898	-1.0342950820922852
1512060426234	0.038307227194309235	5.937620162963867	-1.3407529592514038
1512060426254	-0.4213795065879822	6.052541732788086	-1.6855180263519287
1512060426274	-1.1875240802764893	6.320692539215088	-1.6855180263519287
1512060426294	-1.5705963373184204	6.435614109039307	-1.723825216293335
1512060426314	-1.455674648284912	6.3973069190979	-1.5705963373184204
1512060426334	-0.6512228846549988	6.512228488922119	-1.5322890281677246
1512060426354	-0.07661445438861847	6.703764915466309	-2.6815059185028076
1512060426374	0.038307227194309235	6.856993675231934	-4.175487995147705
1512060426394	0.07661445438861847	7.048529624938965	-4.941632270812988
1512060426414	-0.038307227194309235	6.971915245056152	-4.63517427444458
1512060426434	0.2298433631658554	6.703764915466309	-4.022258758544922
1512060426454	0.7661445140838623	6.244078159332275	-4.405331134796143
1512060426474	0.689530074596405	5.822698593139648	-5.056553840637207
1512060426494	0.8044517636299133	5.70777702331543	-4.367023944854736
1512060426514	1.800439715385437	5.286397457122803	-2.75812029838562
1512060426534	2.873042106628418	4.9799394607543945	-2.4899697303771973
1512060426554	3.1028854846954346	4.750096321105957	-4.32871675491333
1512060426574	2.9879636764526367	4.903325080871582	-5.937620162963867
1512060426594	3.179499864578247	5.094861030578613	-5.784391403198242
1512060426614	3.754108190536499	4.520252704620361	-4.175487995147705
1512060426634	4.252102375030518	4.750096321105957	-3.026270866394043
1512060426655	4.290409564971924	5.094861030578613	-4.443638324737549
1512060426674	3.869029998779297	5.669469833374023	-5.324704647064209
1512060426694	3.9839515686035156	6.167463779449463	-3.9839515686035156
1512060426714	5.094861030578613	5.70777702331543	-4.175487995147705
1512060426734	5.746084213256836	5.975927352905273	-6.052541732788086
1512060426754	5.70777702331543	6.665457725524902	-8.197746276855469
1512060426774	6.703764915466309	6.244078159332275	-7.2783732414245605
1512060426809	8.925583839416504	5.056553840637207	-3.294421434402466
1512060426825	9.308655738830566	5.324704647064209	-4.213795185089111
1512060426841	8.695740699768066	5.669469833374023	-7.7763671875
1512060426858	7.929595947265625	5.51624059677124	-10.15141487121582
1512060426875	8.08282470703125	4.8267107009887695	-8.08282470703125
1512060426898	8.96389102935791	4.443638324737549	-4.175487995147705
1512060426914	8.887276649475098	4.941632270812988	-2.5665841102600098
1512060426934	8.121131896972656	4.32871675491333	-4.367023944854736
1512060426955	8.542511940002441	3.754108190536499	-5.018246650695801
1512060426974	9.959878921508789	3.7924153804779053	-2.3750481605529785
1512060426994	11.645397186279297	4.137180328369141	-0.9193734526634216
1512060427014	12.02846908569336	4.443638324737549	-2.3750481605529785
1512060427034	11.109095573425293	4.788403511047363	-5.70777702331543
1512060427054	10.496180534362793	5.094861030578613	-8.197746276855469
1512060427074	10.572794914245605	5.094861030578613	-7.929595947265625
1512060427094	11.568782806396484	4.865017890930176	-5.822698593139648
1512060427114	11.185709953308105	4.750096321105957	-3.9839515686035156
1512060427134	10.266336441040039	4.022258758544922	-4.137180328369141
1512060427154	9.806650161743164	3.8307228088378906	-4.137180328369141
1512060427174	9.615114212036133	3.6391866207122803	-3.6774938106536865
1512060427194	10.189722061157227	3.2178070545196533	-3.294421434402466
1512060427214	10.228029251098633	2.873042106628418	-2.719813108444214
1512060427234	10.074800491333008	2.6431987285614014	-3.1028854846954346
1512060427254	9.959878921508789	2.4899697303771973	-3.7924153804779053
1512060427274	10.189722061157227	2.75812029838562	-3.7924153804779053
1512060427295	10.304644584655762	3.332728862762451	-4.098873138427734
1512060427314	9.615114212036133	3.6774938106536865	-5.669469833374023
1512060427334	9.27034854888916	3.5625722408294678	-5.51624059677124
1512060427354	9.653421401977539	3.026270866394043	-3.7158010005950928
1512060427374	10.036493301391602	2.298433542251587	-1.9536685943603516
1512060427394	9.998186111450195	1.8770540952682495	-1.2641384601593018
1512060427414	9.806650161743164	1.647210717201233	-0.8810662031173706
1512060427434	9.53849983215332	1.800439715385437	-0.9576807022094727
1512060427454	9.423578262329102	2.030282974243164	-1.4939818382263184
1512060427474	9.308655738830566	2.2601263523101807	-1.8770540952682495
1512060427494	9.002198219299316	2.3750481605529785	-1.5705963373184204
1512060427514	8.810662269592285	2.5282769203186035	-1.3024457693099976
1512060427534	8.580819129943848	2.604891538619995	-1.0342950820922852
1512060427554	8.65743350982666	2.75812029838562	-0.9576807022094727
1512060427574	8.848969459533691	2.7964274883270264	-1.1109095811843872
1512060427594	8.96389102935791	2.9496564865112305	-1.4173674583435059
1512060427615	9.117119789123535	2.75812029838562	-0.8427590131759644
1512060427634	9.078812599182129	2.3750481605529785	0.15322890877723694
1512060427654	9.078812599182129	2.183511972427368	0.4596867263317108
1512060427674	8.96389102935791	2.030282974243164	0.49799394607543945
1512060427694	9.040505409240723	1.9536685943603516	0.19153612852096558
1512060427714	8.772355079650879	2.1068975925445557	-0.2298433631658554
1512060427734	8.389283180236816	1.800439715385437	-0.2298433631658554
1512060427754	8.236053466796875	1.5322890281677246	0.3064578175544739
1512060427774	8.695740699768066	1.1492167711257935	0.6129156351089478
1512060427794	9.040505409240723	1.1109095811843872	0.49799394607543945
1512060427814	9.346963882446289	1.5705963373184204	-0.49799394607543945
1512060427834	9.078812599182129	2.030282974243164	-1.9536685943603516
1512060427854	9.078812599182129	1.8770540952682495	-2.75812029838562
1512060427874	9.308655738830566	1.723825216293335	-2.4899697303771973
1512060427894	9.806650161743164	1.6855180263519287	-1.8387469053268433
1512060427914	10.41956615447998	1.9536685943603516	-2.5665841102600098
1512060427935	10.72602367401123	2.3750481605529785	-3.44765043258667
1512060427954	10.917559623718262	2.6815059185028076	-3.754108190536499
1512060427974	11.109095573425293	3.064578056335449	-4.098873138427734
1512060427994	11.568782806396484	3.5242648124694824	-5.363011837005615
1512060428014	12.258312225341797	3.907337188720703	-6.512228488922119
1512060428034	12.60307788848877	4.060565948486328	-7.163451671600342
1512060428054	12.564770698547363	3.9456443786621094	-7.393294811248779
1512060428074	12.679692268371582	3.754108190536499	-7.316680431365967
1512060428094	12.449849128723145	3.332728862762451	-7.240066051483154
1512060428114	12.641385078430176	2.873042106628418	-7.469909191131592
1512060428134	12.7946138381958	2.873042106628418	-7.354987621307373
1512060428154	12.7946138381958	2.9879636764526367	-7.469909191131592
1512060428174	12.60307788848877	2.604891538619995	-7.4316020011901855
1512060428194	12.449849128723145	2.183511972427368	-6.665457725524902
1512060428214	12.60307788848877	2.4133553504943848	-5.669469833374023
1512060428234	12.526463508605957	2.4133553504943848	-5.861005783081055
1512060428254	12.02846908569336	2.4133553504943848	-6.665457725524902
1512060428274	11.798625946044922	2.4899697303771973	-6.358999729156494
1512060428294	11.453861236572266	2.3750481605529785	-4.941632270812988
1512060428314	10.764330863952637	2.3750481605529785	-4.367023944854736
1512060428334	9.959878921508789	2.2218191623687744	-4.367023944854736
1512060428354	9.232041358947754	2.451662540435791	-3.9839515686035156
1512060428374	8.887276649475098	2.911349296569824	-3.4093432426452637
1512060428394	8.772355079650879	2.9496564865112305	-3.6391866207122803
1512060428414	7.929595947265625	3.332728862762451	-3.7924153804779053
1512060428434	6.856993675231934	3.600879430770874	-3.9456443786621094
1512060428454	5.975927352905273	3.8307228088378906	-4.137180328369141
1512060428474	5.094861030578613	4.022258758544922	-4.596867084503174
1512060428494	4.520252704620361	4.213795185089111	-5.324704647064209
1512060428514	3.7924153804779053	4.711789131164551	-6.167463779449463
1512060428534	3.026270866394043	4.903325080871582	-6.971915245056152
1512060428554	2.5282769203186035	4.8267107009887695	-6.167463779449463
1512060428574	2.030282974243164	4.481945514678955	-4.711789131164551
1512060428594	1.5705963373184204	4.405331134796143	-3.7158010005950928
1512060428614	0.6512228846549988	4.481945514678955	-3.7924153804779053
1512060428634	0.0	4.481945514678955	-3.6774938106536865
1512060428654	-0.19153612852096558	4.481945514678955	-2.9879636764526367
1512060428674	-0.3447650372982025	4.443638324737549	-2.183511972427368
1512060428694	-0.689530074596405	4.443638324737549	-0.9193734526634216
1512060428714	-0.8044517636299133	4.788403511047363	0.038307227194309235
1512060428734	-0.9959878921508789	4.865017890930176	-0.2298433631658554
1512060428754	-0.9959878921508789	5.171475887298584	-1.3024457693099976
1512060428774	-0.5746083855628967	5.4013190269470215	-1.723825216293335
1512060428794	-0.49799394607543945	5.631162166595459	-1.0342950820922852
1512060428814	-0.4213795065879822	5.477933406829834	-0.3447650372982025
1512060428835	0.07661445438861847	5.439626216888428	-0.38307225704193115
1512060428854	0.49799394607543945	5.861005783081055	-1.3407529592514038
1512060428874	0.4596867263317108	6.358999729156494	-2.719813108444214
1512060428894	0.19153612852096558	6.588842868804932	-4.060565948486328
1512060428914	0.2298433631658554	6.3973069190979	-4.137180328369141
1512060428934	0.8427590131759644	5.861005783081055	-3.485957622528076
1512060428954	1.800439715385437	5.70777702331543	-3.2178070545196533
1512060428974	2.2218191623687744	5.784391403198242	-4.098873138427734
1512060428994	1.6855180263519287	6.320692539215088	-5.171475887298584
1512060429014	1.2641384601593018	5.937620162963867	-4.481945514678955
1512060429034	1.9153614044189453	5.631162166595459	-2.911349296569824
1512060429054	3.026270866394043	5.4013190269470215	-3.7924153804779053
1512060429074	2.9879636764526367	5.286397457122803	-4.9799394607543945
1512060429094	3.026270866394043	5.439626216888428	-4.32871675491333
1512060429114	3.8307228088378906	5.439626216888428	-3.754108190536499
1512060429134	4.405331134796143	6.282385349273682	-6.473921298980713
1512060429154	4.865017890930176	5.899312973022461	-9.500192642211914
1512060429174	5.4013190269470215	5.477933406829834	-8.734047889709473
1512060429194	5.822698593139648	5.363011837005615	-6.01423454284668
1512060429214	6.282385349273682	4.788403511047363	-5.171475887298584
1512060429234	5.937620162963867	4.750096321105957	-4.750096321105957
1512060429254	6.244078159332275	4.405331134796143	-4.098873138427734
1512060429274	7.048529624938965	4.32871675491333	-3.2178070545196533
1512060429294	7.814674377441406	4.060565948486328	-3.754108190536499
1512060429314	7.814674377441406	4.175487995147705	-5.669469833374023
1512060429334	7.8529815673828125	3.9839515686035156	-6.550535678863525
1512060429354	8.504204750061035	3.8307228088378906	-5.171475887298584
1512060429374	9.653421401977539	4.098873138427734	-3.44765043258667
1512060429394	10.266336441040039	3.754108190536499	-4.252102375030518
1512060429414	10.342951774597168	3.2561142444610596	-5.5545477867126465
1512060429434	10.41956615447998	3.294421434402466	-6.129156112670898
1512060429454	10.994174003601074	3.6774938106536865	-6.742072105407715
1512060429474	10.764330863952637	4.098873138427734	-7.738059997558594
1512060429494	10.611102104187012	3.294421434402466	-6.856993675231934
1512060429514	11.185709953308105	2.6815059185028076	-5.2480902671813965
1512060429534	11.875240325927734	2.7964274883270264	-4.903325080871582
1512060429554	11.951854705810547	3.064578056335449	-6.129156112670898
1512060429574	11.338939666748047	3.3710360527038574	-7.738059997558594
1512060429594	10.381258964538574	3.6391866207122803	-8.197746276855469
1512060429614	9.883264541625977	3.332728862762451	-7.201758861541748
1512060429634	9.806650161743164	3.026270866394043	-4.63517427444458
1512060429654	9.921571731567383	2.719813108444214	-2.2601263523101807
1512060429674	9.768342971801758	2.8347349166870117	-2.0685901641845703
1512060429694	9.615114212036133	3.064578056335449	-3.600879430770874
1512060429714	9.53849983215332	3.5242648124694824	-4.903325080871582
1512060429734	9.806650161743164	3.5625722408294678	-5.056553840637207
1512060429754	10.113107681274414	3.5242648124694824	-4.481945514678955
1512060429774	9.883264541625977	3.3710360527038574	-4.137180328369141
1512060429794	9.500192642211914	3.2178070545196533	-4.443638324737549
1512060429814	9.117119789123535	3.026270866394043	-4.558559894561768
1512060429834	8.96389102935791	3.064578056335449	-4.137180328369141
1512060429854	9.346963882446289	2.873042106628418	-3.7924153804779053
1512060429874	9.653421401977539	2.604891538619995	-3.141192674636841
1512060429894	9.998186111450195	2.298433542251587	-2.3367409706115723
1512060429914	9.730035781860352	2.4899697303771973	-1.9153614044189453
1512060429934	9.308655738830566	2.6815059185028076	-1.9153614044189453
1512060429954	8.542511940002441	2.6815059185028076	-1.723825216293335
1512060429975	8.65743350982666	2.451662540435791	-1.3407529592514038
1512060429994	8.887276649475098	2.719813108444214	-1.3407529592514038
1512060430014	8.96389102935791	2.9496564865112305	-1.6855180263519287
1512060430034	8.810662269592285	2.911349296569824	-1.5322890281677246
1512060430054	8.810662269592285	2.719813108444214	-0.9576807022094727
1512060430074	8.810662269592285	2.719813108444214	-0.6512228846549988
1512060430094	8.848969459533691	2.5665841102600098	-0.4596867263317108
1512060430114	8.772355079650879	2.6431987285614014	-0.6512228846549988
1512060430134	8.734047889709473	2.451662540435791	-0.9576807022094727
1512060430154	8.772355079650879	2.2601263523101807	-1.1109095811843872
1512060430174	8.695740699768066	1.9536685943603516	-1.0342950820922852
1512060430194	8.619126319885254	1.8387469053268433	-1.2258312702178955
1512060430214	8.197746276855469	1.6855180263519287	-2.030282974243164
1512060430234	8.389283180236816	1.7621324062347412	-2.9879636764526367
1512060430261	9.040505409240723	1.723825216293335	-3.5242648124694824
1512060430283	9.500192642211914	1.6855180263519287	-3.2561142444610596
1512060430298	9.615114212036133	1.723825216293335	-2.9496564865112305
1512060430315	9.193734169006348	1.7621324062347412	-2.911349296569824
1512060430334	9.423578262329102	1.6855180263519287	-3.2178070545196533
1512060430354	10.189722061157227	1.647210717201233	-3.4093432426452637
1512060430374	10.41956615447998	1.9153614044189453	-3.44765043258667
1512060430394	10.5344877243042	2.1068975925445557	-4.405331134796143
1512060430414	10.342951774597168	2.3367409706115723	-5.439626216888428
1512060430434	10.955866813659668	2.2218191623687744	-5.056553840637207
1512060430454	11.530475616455078	2.3750481605529785	-5.1331682205200195
1512060430474	11.41555404663086	2.451662540435791	-5.899312973022461
1512060430494	11.1474027633667	2.4899697303771973	-6.550535678863525
1512060430514	11.30063247680664	2.5665841102600098	-6.742072105407715
1512060430534	11.453861236572266	2.6815059185028076	-7.086836814880371
1512060430554	11.338939666748047	2.719813108444214	-7.546523571014404
1512060430574	11.530475616455078	2.75812029838562	-7.393294811248779
1512060430594	11.683704376220703	2.604891538619995	-6.818686485290527
1512060430614	11.453861236572266	2.75812029838562	-6.933608055114746
1512060430634	11.30063247680664	2.873042106628418	-7.738059997558594
1512060430654	11.224017143249512	2.8347349166870117	-7.814674377441406
1512060430674	11.645397186279297	2.75812029838562	-6.971915245056152
1512060430694	11.72201156616211	2.9879636764526367	-6.550535678863525
1512060430714	11.109095573425293	3.179499864578247	-7.163451671600342
1512060430734	10.304644584655762	3.7158010005950928	-7.6997528076171875
1512060430754	10.304644584655762	3.7158010005950928	-7.4316020011901855
1512060430774	10.496180534362793	3.6774938106536865	-7.354987621307373
1512060430794	10.5344877243042	3.485957622528076	-7.2783732414245605
1512060430814	9.768342971801758	3.44765043258667	-6.435614109039307
1512060430834	8.65743350982666	3.44765043258667	-6.320692539215088
1512060430854	7.814674377441406	2.873042106628418	-5.5545477867126465
1512060430875	6.3973069190979	2.75812029838562	-1.5705963373184204
1512060430894	5.70777702331543	3.026270866394043	-1.2258312702178955
1512060430921	5.056553840637207	3.5242648124694824	-3.179499864578247
1512060430936	3.8307228088378906	4.711789131164551	-5.51624059677124
1512060430954	3.179499864578247	5.018246650695801	-6.665457725524902
1512060430974	2.5282769203186035	5.056553840637207	-6.3973069190979
1512060430994	2.298433542251587	4.8267107009887695	-5.4013190269470215
1512060431014	2.1068975925445557	4.9799394607543945	-5.171475887298584
1512060431034	1.723825216293335	5.1331682205200195	-5.286397457122803
1512060431054	1.5705963373184204	5.171475887298584	-5.5545477867126465
1512060431074	0.9576807022094727	5.324704647064209	-5.171475887298584
1512060431094	0.6512228846549988	5.1331682205200195	-4.367023944854736
1512060431114	0.38307225704193115	4.941632270812988	-3.907337188720703
1512060431134	0.3064578175544739	4.750096321105957	-3.5242648124694824
1512060431154	-0.1149216815829277	4.8267107009887695	-2.8347349166870117
1512060431174	-0.1149216815829277	5.018246650695801	-2.5282769203186035
1512060431194	-0.3447650372982025	5.477933406829834	-3.2178070545196533
1512060431214	-0.49799394607543945	5.70777702331543	-4.9799394607543945
1512060431234	-0.9576807022094727	5.171475887298584	-4.788403511047363
1512060431254	-1.1875240802764893	4.865017890930176	-0.9959878921508789
1512060431274	-0.4596867263317108	4.32871675491333	1.5322890281677246
1512060431294	-1.0342950820922852	4.788403511047363	0.1149216815829277
1512060431314	-1.9536685943603516	5.477933406829834	-2.4899697303771973
1512060431334	-1.8387469053268433	5.746084213256836	-3.179499864578247
1512060431354	-1.5322890281677246	5.324704647064209	-2.4899697303771973
1512060431374	-1.5705963373184204	5.056553840637207	-3.026270866394043
1512060431394	-1.4939818382263184	5.094861030578613	-5.363011837005615
1512060431414	-1.455674648284912	5.631162166595459	-6.780379295349121
1512060431434	-0.9576807022094727	5.324704647064209	-5.631162166595459
1512060431454	-0.6129156351089478	4.520252704620361	-3.2178070545196533
1512060431474	-0.1149216815829277	4.175487995147705	-1.9153614044189453
1512060431494	-0.15322890877723694	4.558559894561768	-2.75812029838562
1512060431514	0.38307225704193115	5.20978307723999	-5.1331682205200195
1512060431534	0.7661445140838623	5.592854976654053	-6.627150535583496
1512060431554	1.072602391242981	5.4013190269470215	-6.205770969390869
1512060431574	1.647210717201233	5.018246650695801	-4.9799394607543945
1512060431594	2.0685901641845703	5.4013190269470215	-4.6734819412231445
1512060431614	2.6431987285614014	5.51624059677124	-5.975927352905273
1512060431635	3.179499864578247	5.631162166595459	-6.89530086517334
1512060431654	3.6774938106536865	5.324704647064209	-6.3973069190979
1512060431674	5.20978307723999	5.631162166595459	-4.32871675491333
1512060431694	6.473921298980713	6.01423454284668	-5.018246650695801
1512060431714	6.627150535583496	6.244078159332275	-6.780379295349121
1512060431734	5.746084213256836	6.282385349273682	-6.435614109039307
1512060431754	6.320692539215088	6.167463779449463	-3.5242648124694824
1512060431774	7.508216381072998	5.822698593139648	-3.294421434402466
1512060431794	8.006210327148438	5.171475887298584	-6.129156112670898
1512060431814	8.197746276855469	5.937620162963867	-7.010222434997559
1512060431834	8.848969459533691	6.703764915466309	-7.240066051483154
1512060431854	9.155426979064941	6.588842868804932	-8.695740699768066
1512060431874	8.580819129943848	6.090848922729492	-8.312667846679688
1512060431894	8.542511940002441	4.788403511047363	-5.20978307723999
1512060431914	9.576807022094727	4.520252704620361	-2.8347349166870117
1512060431934	10.41956615447998	4.9799394607543945	-4.252102375030518
1512060431954	9.883264541625977	5.51624059677124	-7.623138427734375
1512060431974	8.96389102935791	5.784391403198242	-8.887276649475098
1512060431994	8.695740699768066	4.865017890930176	-6.856993675231934
1512060432014	9.615114212036133	3.7924153804779053	-3.2178070545196533
1512060432034	10.687716484069824	3.9839515686035156	-1.2641384601593018
1512060432054	10.189722061157227	4.405331134796143	-3.6391866207122803
1512060432074	9.078812599182129	4.865017890930176	-6.627150535583496
1512060432094	8.734047889709473	5.286397457122803	-7.508216381072998
1512060432114	9.461885452270508	4.903325080871582	-5.363011837005615
1512060432134	10.84094524383545	4.290409564971924	-2.3750481605529785
1512060432154	11.1474027633667	4.252102375030518	-1.072602391242981
1512060432174	11.03248119354248	4.137180328369141	-2.604891538619995
1512060432194	10.15141487121582	4.481945514678955	-4.443638324737549
1512060432215	9.730035781860352	4.405331134796143	-4.8267107009887695
1512060432234	9.959878921508789	3.907337188720703	-3.141192674636841
1512060432254	10.15141487121582	3.5242648124694824	-1.9153614044189453
1512060432274	10.5344877243042	3.332728862762451	-1.1109095811843872
1512060432294	10.649409294128418	3.2178070545196533	-1.3407529592514038
1512060432314	10.189722061157227	3.4093432426452637	-1.9536685943603516
1512060432334	9.691728591918945	3.44765043258667	-2.4133553504943848
1512060432354	9.155426979064941	3.4093432426452637	-2.451662540435791
1512060432374	8.925583839416504	3.294421434402466	-1.9536685943603516
1512060432394	9.040505409240723	3.179499864578247	-1.2641384601593018
1512060432414	9.040505409240723	3.141192674636841	-0.727837324142456
1512060432434	8.810662269592285	3.064578056335449	-0.689530074596405
1512060432454	8.465897560119629	3.1028854846954346	-0.9193734526634216
1512060432474	8.312667846679688	3.179499864578247	-1.1109095811843872
1512060432494	8.159439086914062	3.332728862762451	-1.3407529592514038
1512060432514	8.159439086914062	3.5242648124694824	-1.647210717201233
1512060432534	8.159439086914062	3.5242648124694824	-1.800439715385437
1512060432554	8.236053466796875	3.294421434402466	-1.1875240802764893
1512060432574	8.465897560119629	3.1028854846954346	-0.15322890877723694
1512060432595	8.695740699768066	2.9879636764526367	0.0
1512060432614	8.810662269592285	2.9496564865112305	-0.19153612852096558
1512060432634	8.887276649475098	3.026270866394043	-0.38307225704193115
1512060432654	8.772355079650879	3.141192674636841	-0.6512228846549988
1512060432674	8.65743350982666	3.1028854846954346	-0.727837324142456
1512060432694	8.274360656738281	2.75812029838562	0.038307227194309235
1512060432714	8.465897560119629	2.298433542251587	0.0
1512060432734	8.35097599029541	2.5282769203186035	-0.38307225704193115
1512060432754	8.695740699768066	2.911349296569824	-1.647210717201233
1512060432774	8.580819129943848	2.9496564865112305	-2.6815059185028076
1512060432794	8.580819129943848	2.75812029838562	-2.2601263523101807
1512060432814	9.078812599182129	2.183511972427368	-1.0342950820922852
1512060432834	9.385271072387695	2.0685901641845703	-0.6512228846549988
1512060432854	9.500192642211914	2.5665841102600098	-1.7621324062347412
1512060432874	9.84495735168457	2.6815059185028076	-2.8347349166870117
1512060432894	10.266336441040039	2.298433542251587	-2.3750481605529785
1512060432914	10.84094524383545	1.9919757843017578	-1.9536685943603516
1512060432934	10.381258964538574	2.1068975925445557	-2.6431987285614014
1512060432954	9.691728591918945	2.3367409706115723	-4.137180328369141
1512060432974	9.576807022094727	2.3750481605529785	-5.20978307723999
1512060432994	9.730035781860352	2.2218191623687744	-5.746084213256836
1512060433014	10.189722061157227	2.183511972427368	-5.975927352905273
1512060433034	10.611102104187012	2.2601263523101807	-6.129156112670898
1512060433054	10.266336441040039	2.6431987285614014	-6.742072105407715
1512060433074	10.5344877243042	2.719813108444214	-7.201758861541748
1512060433094	11.185709953308105	2.604891538619995	-7.4316020011901855
1512060433114	11.60708999633789	2.719813108444214	-7.393294811248779
1512060433134	11.990161895751953	2.5665841102600098	-7.240066051483154
1512060433154	12.22000503540039	2.6431987285614014	-7.393294811248779
1512060433174	12.22000503540039	2.9496564865112305	-7.661445617675781
1512060433194	12.373234748840332	2.8347349166870117	-7.6997528076171875
1512060433214	12.48815631866455	2.7964274883270264	-7.240066051483154
1512060433234	12.373234748840332	2.8347349166870117	-7.048529624938965
1512060433254	12.02846908569336	2.911349296569824	-6.742072105407715
1512060433274	11.453861236572266	2.7964274883270264	-6.205770969390869
1512060433294	11.03248119354248	2.4899697303771973	-5.286397457122803
1512060433314	10.764330863952637	2.451662540435791	-4.788403511047363
1512060433334	10.228029251098633	2.75812029838562	-5.363011837005615
1512060433354	9.346963882446289	3.1028854846954346	-5.5545477867126465
1512060433374	8.504204750061035	3.44765043258667	-4.750096321105957
1512060433394	8.044517517089844	3.2178070545196533	-3.6391866207122803
1512060433414	7.738059997558594	3.332728862762451	-3.5625722408294678
1512060433434	7.814674377441406	3.8307228088378906	-4.711789131164551
1512060433454	7.508216381072998	4.32871675491333	-6.780379295349121
1512060433474	6.665457725524902	4.367023944854736	-7.8529815673828125
1512060433494	6.320692539215088	3.7924153804779053	-6.435614109039307
1512060433514	5.70777702331543	3.5625722408294678	-4.367023944854736
1512060433534	5.592854976654053	3.5625722408294678	-4.405331134796143
1512060433554	4.596867084503174	4.252102375030518	-6.01423454284668
1512060433574	4.022258758544922	4.520252704620361	-7.6997528076171875
1512060433594	3.5242648124694824	4.711789131164551	-7.048529624938965
1512060433614	2.7964274883270264	4.788403511047363	-7.010222434997559
1512060433634	1.9919757843017578	4.6734819412231445	-7.163451671600342
1512060433654	1.5322890281677246	4.8267107009887695	-7.163451671600342
1512060433674	0.9193734526634216	4.405331134796143	-5.937620162963867
1512060433694	0.6129156351089478	3.600879430770874	-4.098873138427734
1512060433714	-0.038307227194309235	3.332728862762451	-2.4133553504943848
1512060433734	-0.8044517636299133	3.44765043258667	-1.37906014919281
1512060433754	-1.2258312702178955	3.4093432426452637	-1.3024457693099976
1512060433774	-1.5705963373184204	3.907337188720703	-1.6855180263519287
1512060433794	-1.8387469053268433	4.175487995147705	-2.5665841102600098
1512060433815	-1.9153614044189453	4.252102375030518	-3.026270866394043
1512060433834	-1.800439715385437	4.213795185089111	-2.873042106628418
1512060433854	-1.9919757843017578	4.367023944854736	-2.7964274883270264
1512060433874	-2.1068975925445557	4.32871675491333	-2.8347349166870117
1512060433894	-2.1068975925445557	4.290409564971924	-2.4899697303771973
1512060433914	-1.9536685943603516	4.405331134796143	-2.0685901641845703
1512060433934	-1.5322890281677246	4.252102375030518	-2.3750481605529785
1512060433954	-1.2641384601593018	4.367023944854736	-2.9879636764526367
1512060433974	-0.8427590131759644	4.63517427444458	-3.8307228088378906
1512060433994	-0.5363011956214905	5.1331682205200195	-4.443638324737549
1512060434014	-0.26815059781074524	5.1331682205200195	-4.558559894561768
1512060434034	0.3064578175544739	4.750096321105957	-4.481945514678955
1512060434054	1.2258312702178955	4.175487995147705	-4.481945514678955
1512060434074	1.723825216293335	4.32871675491333	-4.405331134796143
1512060434094	2.873042106628418	4.520252704620361	-5.363011837005615
1512060434114	3.294421434402466	4.865017890930176	-6.933608055114746
1512060434134	3.179499864578247	5.094861030578613	-8.08282470703125
1512060434154	3.332728862762451	5.324704647064209	-8.312667846679688
1512060434174	3.7924153804779053	5.056553840637207	-8.810662269592285
1512060434194	4.558559894561768	5.056553840637207	-8.887276649475098
1512060434214	4.443638324737549	5.286397457122803	-7.891288757324219
1512060434234	4.558559894561768	4.9799394607543945	-5.899312973022461
1512060434254	5.4013190269470215	4.558559894561768	-5.171475887298584
1512060434274	4.788403511047363	4.596867084503174	-6.742072105407715
1512060434294	4.6734819412231445	4.6734819412231445	-7.2783732414245605
1512060434314	6.090848922729492	4.63517427444458	-5.018246650695801
1512060434334	8.159439086914062	4.252102375030518	-2.451662540435791
1512060434354	9.002198219299316	3.7924153804779053	-3.44765043258667
1512060434374	8.08282470703125	4.060565948486328	-7.086836814880371
1512060434394	7.086836814880371	5.171475887298584	-9.078812599182129
1512060434414	8.274360656738281	5.2480902671813965	-7.7763671875
1512060434434	9.461885452270508	4.63517427444458	-5.286397457122803
1512060434455	10.036493301391602	4.32871675491333	-4.6734819412231445
1512060434474	9.576807022094727	4.63517427444458	-6.01423454284668
1512060434494	9.615114212036133	5.2480902671813965	-6.933608055114746
1512060434514	10.074800491333008	5.477933406829834	-7.661445617675781
1512060434534	9.998186111450195	5.018246650695801	-8.197746276855469
1512060434554	9.461885452270508	4.903325080871582	-6.627150535583496
1512060434574	9.53849983215332	4.481945514678955	-4.367023944854736
1512060434594	9.998186111450195	4.098873138427734	-3.026270866394043
1512060434614	9.998186111450195	3.9839515686035156	-2.604891538619995
1512060434634	10.189722061157227	4.213795185089111	-3.3710360527038574
1512060434654	9.998186111450195	4.32871675491333	-4.8267107009887695
1512060434674	9.921571731567383	4.098873138427734	-5.324704647064209
1512060434694	10.036493301391602	3.6391866207122803	-4.6734819412231445
1512060434714	10.611102104187012	3.064578056335449	-3.869029998779297
1512060434734	10.764330863952637	3.026270866394043	-3.9839515686035156
1512060434754	10.074800491333008	3.3710360527038574	-5.477933406829834
1512060434774	9.423578262329102	3.754108190536499	-5.669469833374023
1512060434794	9.768342971801758	3.4093432426452637	-4.903325080871582
1512060434814	10.879252433776855	3.3710360527038574	-5.171475887298584
1512060434834	10.41956615447998	3.869029998779297	-6.320692539215088
1512060434854	9.653421401977539	4.022258758544922	-7.010222434997559
1512060434874	9.155426979064941	4.060565948486328	-6.167463779449463
1512060434895	9.193734169006348	3.9456443786621094	-4.8267107009887695
1512060434914	9.576807022094727	3.5625722408294678	-3.9456443786621094
1512060434934	9.768342971801758	3.485957622528076	-3.1028854846954346
1512060434954	9.84495735168457	3.6391866207122803	-2.5665841102600098
1512060434974	9.730035781860352	4.252102375030518	-3.141192674636841
1512060434994	9.346963882446289	4.903325080871582	-4.137180328369141
1512060435014	9.002198219299316	5.1331682205200195	-4.060565948486328
1512060435034	8.580819129943848	4.711789131164551	-2.1068975925445557
1512060435054	7.891288757324219	4.060565948486328	0.07661445438861847
1512060435074	7.546523571014404	3.6391866207122803	1.800439715385437
1512060435094	7.354987621307373	3.7158010005950928	1.9536685943603516
1512060435115	7.163451671600342	4.137180328369141	1.0342950820922852
1512060435134	7.393294811248779	4.558559894561768	0.6512228846549988
1512060435154	7.623138427734375	4.367023944854736	1.2641384601593018
1512060435174	7.5848307609558105	4.175487995147705	2.451662540435791
1512060435194	7.4316020011901855	3.7924153804779053	3.2561142444610596
1512060435214	7.469909191131592	3.6774938106536865	4.022258758544922
1512060435234	7.201758861541748	3.3710360527038574	4.405331134796143
1512060435254	6.971915245056152	3.3710360527038574	4.750096321105957
1512060435274	6.473921298980713	3.294421434402466	5.20978307723999
1512060435294	6.090848922729492	3.064578056335449	5.439626216888428
1512060435314	5.861005783081055	3.141192674636841	5.861005783081055
1512060435334	5.4013190269470215	3.141192674636841	6.320692539215088
1512060435354	5.286397457122803	3.064578056335449	6.665457725524902
1512060435374	5.171475887298584	3.179499864578247	6.665457725524902
1512060435394	5.1331682205200195	2.911349296569824	6.971915245056152
1512060435414	5.056553840637207	3.141192674636841	7.048529624938965
1512060435434	4.903325080871582	3.332728862762451	6.627150535583496
1512060435454	4.6734819412231445	3.2178070545196533	6.818686485290527
1512060435474	4.405331134796143	2.8347349166870117	7.5848307609558105
1512060435494	4.175487995147705	2.719813108444214	8.159439086914062
1512060435514	3.9839515686035156	2.6431987285614014	8.465897560119629
1512060435534	3.485957622528076	2.7964274883270264	8.465897560119629
1512060435554	2.9496564865112305	2.604891538619995	8.236053466796875
1512060435574	2.6815059185028076	2.4133553504943848	8.197746276855469
1512060435594	2.873042106628418	2.3367409706115723	8.312667846679688
1512060435614	3.1028854846954346	2.75812029838562	7.7763671875
1512060435634	3.2561142444610596	3.2561142444610596	8.542511940002441
1512060435654	3.4093432426452637	2.4133553504943848	8.236053466796875
1512060435674	3.026270866394043	2.2218191623687744	8.159439086914062
1512060435694	2.4899697303771973	2.719813108444214	8.044517517089844
1512060435714	2.2601263523101807	2.9496564865112305	7.814674377441406
1512060435734	2.5665841102600098	2.604891538619995	8.236053466796875
1512060435754	2.6815059185028076	2.183511972427368	8.580819129943848
1512060435774	2.5282769203186035	1.9919757843017578	9.385271072387695
1512060435794	2.030282974243164	2.3750481605529785	10.228029251098633
1512060435814	2.2218191623687744	2.9496564865112305	10.228029251098633
1512060435834	1.800439715385437	2.9879636764526367	9.423578262329102
1512060435854	1.800439715385437	2.4133553504943848	8.925583839416504
1512060435874	1.1109095811843872	2.75812029838562	8.236053466796875
1512060435894	0.07661445438861847	4.213795185089111	7.163451671600342
1512060435914	0.15322890877723694	4.520252704620361	7.814674377441406
1512060435934	0.1149216815829277	4.098873138427734	8.427590370178223
1512060435954	0.4213795065879822	2.9879636764526367	8.427590370178223
1512060435974	1.3024457693099976	2.1068975925445557	8.006210327148438
1512060435995	1.8770540952682495	1.6855180263519287	8.044517517089844
1512060436014	2.604891538619995	2.0685901641845703	9.346963882446289
1512060436034	2.4899697303771973	2.4133553504943848	9.730035781860352
1512060436055	1.723825216293335	2.298433542251587	8.810662269592285
1512060436074	1.9153614044189453	2.451662540435791	8.465897560119629
1512060436094	2.0685901641845703	2.4133553504943848	8.044517517089844
1512060436114	1.800439715385437	2.5665841102600098	7.316680431365967
1512060436134	1.4939818382263184	2.75812029838562	6.856993675231934
1512060436154	1.1875240802764893	2.911349296569824	6.665457725524902
1512060436174	1.1109095811843872	2.5282769203186035	8.695740699768066
1512060436194	0.9193734526634216	2.298433542251587	10.228029251098633
1512060436214	0.9959878921508789	1.9536685943603516	11.760318756103516
1512060436234	0.689530074596405	1.9153614044189453	11.568782806396484
1512060436254	0.3447650372982025	2.183511972427368	10.72602367401123
1512060436274	0.26815059781074524	2.298433542251587	9.691728591918945
1512060436294	0.49799394607543945	1.9919757843017578	8.772355079650879
1512060436315	0.9959878921508789	2.0685901641845703	7.661445617675781
1512060436334	0.4213795065879822	2.911349296569824	7.891288757324219
1512060436354	0.4596867263317108	2.8347349166870117	8.274360656738281
1512060436374	0.38307225704193115	2.5282769203186035	8.695740699768066
1512060436394	0.5746083855628967	2.298433542251587	9.27034854888916
1512060436414	0.3064578175544739	2.4133553504943848	9.500192642211914
1512060436434	0.19153612852096558	2.3750481605529785	9.27034854888916
1512060436454	0.26815059781074524	2.3750481605529785	8.96389102935791
1512060436474	0.19153612852096558	2.3750481605529785	8.772355079650879
1512060436494	0.19153612852096558	2.4133553504943848	8.695740699768066
1512060436514	0.26815059781074524	2.298433542251587	8.887276649475098
1512060436534	0.3064578175544739	2.183511972427368	9.002198219299316
1512060436554	0.4213795065879822	2.183511972427368	9.308655738830566
1512060436574	0.26815059781074524	2.1068975925445557	9.53849983215332
1512060436594	0.2298433631658554	1.9919757843017578	9.615114212036133
1512060436614	0.2298433631658554	1.9919757843017578	9.346963882446289
1512060436634	0.38307225704193115	2.1068975925445557	9.078812599182129
1512060436654	0.3447650372982025	2.0685901641845703	8.734047889709473
1512060436674	0.2298433631658554	2.2601263523101807	8.734047889709473
1512060436694	0.2298433631658554	2.2601263523101807	8.96389102935791
1512060436714	0.4213795065879822	2.183511972427368	8.925583839416504
1512060436734	0.2298433631658554	2.1068975925445557	9.078812599182129
1512060436754	0.3064578175544739	2.030282974243164	9.117119789123535
1512060436774	0.3064578175544739	2.0685901641845703	9.385271072387695
1512060436794	0.3064578175544739	2.1068975925445557	9.385271072387695
1512060436814	0.26815059781074524	2.0685901641845703	9.308655738830566
1512060436834	0.4213795065879822	2.030282974243164	9.193734169006348
1512060436854	0.3447650372982025	2.145204782485962	9.27034854888916
1512060436874	0.3064578175544739	2.183511972427368	9.117119789123535
1512060436895	0.3064578175544739	1.9919757843017578	9.040505409240723
1512060436914	0.3064578175544739	2.030282974243164	9.232041358947754
1512060436934	0.3447650372982025	2.0685901641845703	9.117119789123535
1512060436954	0.26815059781074524	2.1068975925445557	8.96389102935791
1512060436974	0.3447650372982025	1.6855180263519287	8.121131896972656
1512060436994	0.1149216815829277	2.030282974243164	9.461885452270508
1512060437014	0.2298433631658554	1.9919757843017578	9.653421401977539
1512060437034	0.2298433631658554	2.2218191623687744	9.117119789123535
1512060437054	0.0	2.298433542251587	9.232041358947754
1512060437074	0.15322890877723694	2.183511972427368	9.308655738830566
1512060437094	0.38307225704193115	2.0685901641845703	8.96389102935791
1512060437114	0.3447650372982025	2.145204782485962	8.925583839416504
