Trial:	Sub01ShoulderFly_gyroscope_t1.txt
Phone/Tablet Model:	HUAWEI BLN-L24
Sensor Information
Name:	STMicroelectronics gyroscope
Maximum Range:	34.906586rad/sec
Resolution:	0.0012217305rad/sec

Generated by SensorData, Version1.5.2
Author: Vipul Lugade
Email: SensorDataHelp@gmail.com
Website: www.matlabgeeks.com

Time	X	Y	Z
1512060225697	0.0	0.0	0.0
1512060225717	0.0	-0.0024434609804302454	0.0
1512060225751	0.04886921867728233	-0.10018189996480942	-0.004886921960860491
1512060225773	0.07696902006864548	-0.1111774742603302	0.013439035043120384
1512060225791	0.10873401165008545	-0.2015855312347412	0.05497787147760391
1512060225806	0.12950342893600464	-0.21991148591041565	0.08918632566928864
1512060225821	0.15760323405265808	-0.2125810980796814	0.12217304855585098
1512060225848	0.1319468915462494	-0.1771509200334549	0.13439035415649414
1512060225873	0.1014036312699318	-0.14905111491680145	0.1270599663257599
1512060225902	0.12950342893600464	-0.12095131725072861	0.15515977144241333
1512060225945	0.1368338167667389	-0.07696902006864548	0.13561208546161652
1512060225961	0.20891591906547546	-0.04764748737215996	0.1466076523065567
1512060225976	0.3066543638706207	0.16493362188339233	0.15882496535778046
1512060225991	0.32009339332580566	0.49235737323760986	0.17592918872833252
1512060226006	0.23457226157188416	0.4764748811721802	0.1918116807937622
1512060226020	0.10751228034496307	0.2993239760398865	0.2125810980796814
1512060226037	-0.00366519158706069	0.21868975460529327	0.19425514340400696
1512060226067	-0.024434609338641167	0.11728613078594208	0.2015855312347412
1512060226081	0.06719517707824707	0.06963863968849182	0.21380282938480377
1512060226096	0.4153883755207062	0.10384709388017654	0.2590068578720093
1512060226109	0.4544837474822998	0.09529497474431992	0.2577851414680481
1512060226133	0.3530801236629486	0.10506882518529892	0.27000242471694946
1512060226148	0.18325957655906677	0.05864306539297104	0.3017674386501312
1512060226162	-0.2724458873271942	-0.4605923891067505	0.3481931984424591
1512060226178	-0.4593706727027893	-0.8442157506942749	0.4153883755207062
1512060226198	-0.5277875661849976	-1.1814134120941162	0.43615779280662537
1512060226218	-0.4398229718208313	-1.1374311447143555	0.45692721009254456
1512060226238	-0.26022860407829285	-0.9077457785606384	0.4960225820541382
1512060226258	-0.1270599663257599	-0.7635815739631653	0.5143485069274902
1512060226278	-0.10262536257505417	-0.6609562039375305	0.5082398653030396
1512060226298	-0.14049901068210602	-0.5876523852348328	0.5363397002220154
1512060226318	-0.45326200127601624	-0.6108652353286743	0.5558874011039734
1512060226339	-0.45326200127601624	-0.6939429044723511	0.5754350423812866
1512060226359	-0.42760565876960754	-0.7098253965377808	0.5839871764183044
1512060226383	-0.29565876722335815	-0.6792821288108826	0.5729916095733643
1512060226398	-0.08552113175392151	-0.7244861721992493	0.5302310585975647
1512060226418	0.08674286305904388	-0.836885392665863	0.47769662737846375
1512060226438	0.27977627515792847	-0.950506329536438	0.45692721009254456
1512060226459	0.4349360466003418	-1.340238332748413	0.4960225820541382
1512060226478	0.5241223573684692	-1.9181169271469116	0.5644394755363464
1512060226498	0.6328563690185547	-2.1710150241851807	0.6279694437980652
1512060226518	0.7122688889503479	-2.5534167289733887	0.7024950385093689
1512060226538	0.8381071090698242	-3.4403929710388184	0.7635815739631653
1512060226558	0.8381071090698242	-4.107458114624023	0.8295549750328064
1512060226579	0.7904596328735352	-4.566828727722168	0.8772025108337402
1512060226598	0.7733554244041443	-4.574159145355225	0.8967501521110535
1512060226618	0.7623597979545593	-4.801400661468506	0.8918632864952087
1512060226638	0.7452555894851685	-4.689001560211182	0.9419541954994202
1512060226658	0.5412266254425049	-4.751309871673584	1.0971139669418335
1512060226679	0.47769662737846375	-4.346917152404785	1.205847978591919
1512060226698	0.475253164768219	-3.8985419273376465	1.2608258724212646
1512060226719	0.41172316670417786	-3.5210273265838623	1.3573426008224487
1512060226738	0.3090978264808655	-3.2204816341400146	1.4844025373458862
1512060226760	0.2993239760398865	-2.8270843029022217	1.540602207183838
1512060226785	0.38606682419776917	-2.415361166000366	1.5149458646774292
1512060226805	0.504574716091156	-2.037846565246582	1.3976596593856812
1512060226822	0.5375614166259766	-1.7812830209732056	1.361007809638977
1512060226839	0.5448917746543884	-1.585806131362915	1.3060299158096313
1512060226859	0.6133087277412415	-1.3671164512634277	1.216843605041504
1512060226878	0.6963863968849182	-1.1582005023956299	1.0836749076843262
1512060226899	0.7525860071182251	-0.9944885969161987	0.9541715383529663
1512060226919	0.7660250067710876	-0.8979719281196594	0.8087855577468872
1512060226939	0.7098253965377808	-0.8881980776786804	0.7024950385093689
1512060226959	0.5815436840057373	-0.9138544201850891	0.6291912198066711
1512060226979	0.4813618063926697	-0.9334021210670471	0.5473352670669556
1512060226999	0.304210901260376	-1.0042624473571777	0.5424483418464661
1512060227019	0.00733038317412138	-1.1459832191467285	0.636521577835083
1512060227038	-0.294437050819397	-1.2803735733032227	0.7293730974197388
1512060227059	-0.5106833577156067	-1.330464482307434	0.7929030656814575
1512060227079	-0.7354817390441895	-1.3658946752548218	0.8979719281196594
1512060227099	-1.0299187898635864	-1.4172073602676392	1.0604621171951294
1512060227119	-1.441641926765442	-1.5613715648651123	1.3487904071807861
1512060227139	-1.703092336654663	-1.6468926668167114	1.567480206489563
1512060227159	-1.8020524978637695	-1.673770785331726	1.6982053518295288
1512060227179	-1.8362609148025513	-1.6566665172576904	1.7983872890472412
1512060227199	-1.803274154663086	-1.595579981803894	1.8313740491867065
1512060227223	-1.653001308441162	-1.529606580734253	1.7458528280258179
1512060227258	-1.36955988407135	-1.4660766124725342	1.4831807613372803
1512060227275	-1.0323622226715088	-1.3768903017044067	1.1557570695877075
1512060227294	-0.6585127115249634	-1.2791517972946167	0.8136724829673767
1512060227309	-0.3017674386501312	-1.1728612184524536	0.5070181488990784
1512060227324	-0.01466076634824276	-1.0311405658721924	0.19792033731937408
1512060227354	0.27488934993743896	-0.9285151958465576	-0.13439035415649414
1512060227369	0.4691445231437683	-0.8002334833145142	-0.3738495409488678
1512060227384	0.5876523852348328	-0.6597344875335693	-0.5302310585975647
1512060227398	0.6902777552604675	-0.5338962078094482	-0.6768386960029602
1512060227419	0.8515461683273315	-0.30054569244384766	-0.8674286603927612
1512060227458	0.9236282706260681	-0.12461651116609573	-0.9553932547569275
1512060227472	0.9126327037811279	-0.019547687843441963	-0.9896016716957092
1512060227486	0.799011766910553	-0.00366519158706069	-0.9615018963813782
1512060227504	0.6719517707824707	-0.04642575979232788	-0.8894197940826416
1512060227535	0.45814892649650574	-0.21502456068992615	-0.7330383062362671
1512060227555	0.23335053026676178	-0.42271876335144043	-0.5925393104553223
1512060227582	0.14416420459747314	-0.3799581825733185	-0.5204572081565857
1512060227604	0.22846360504627228	0.00366519158706069	-0.5461135506629944
1512060227624	0.3176499307155609	0.43737950921058655	-0.50335294008255
1512060227662	0.3323107063770294	0.7342600226402283	-0.4398229718208313
1512060227685	0.21868975460529327	0.7574729323387146	-0.4129449129104614
1512060227705	0.021991148591041565	0.6023131608963013	-0.44226643443107605
1512060227727	-0.19303341209888458	0.34697145223617554	-0.485027015209198
1512060227746	-0.4862487316131592	-0.09162978827953339	-0.5461135506629944
1512060227763	-0.8491026759147644	-0.6511823534965515	-0.6939429044723511
1512060227785	-1.3096951246261597	-0.96883225440979	-1.5528194904327393
1512060227804	-1.7275269031524658	-0.2871066629886627	-4.0744709968566895
1512060227829	-1.968207836151123	1.1398745775222778	-7.864279270172119
1512060227847	-1.3084733486175537	2.4520130157470703	-13.365731239318848
1512060227865	-0.051312681287527084	6.748839378356934	-18.97591781616211
1512060227882	0.5571091175079346	7.337713241577148	-17.86414337158203
1512060227901	1.359786033630371	7.297396183013916	-15.871500968933105
1512060227920	1.8118263483047485	7.927809238433838	-14.503162384033203
1512060227937	1.4575244188308716	7.9632391929626465	-13.085955619812012
1512060227953	0.8967501521110535	8.14161205291748	-12.146444320678711
1512060227973	0.2981022298336029	8.078082084655762	-11.288789749145508
1512060227992	-0.04398229718208313	7.458664417266846	-10.049955368041992
1512060228008	-0.7660250067710876	7.852061748504639	-10.097602844238281
1512060228028	-2.063502788543701	9.285151481628418	-11.93142032623291
1512060228049	-2.934596538543701	10.080498695373535	-13.49645709991455
1512060228071	-2.861292839050293	9.633344650268555	-13.353514671325684
1512060228094	-2.283414363861084	8.554556846618652	-11.986397743225098
1512060228114	-1.654223084449768	7.45377779006958	-10.438465118408203
1512060228134	-1.1435397863388062	6.4837236404418945	-8.935736656188965
1512060228155	-0.7269296646118164	5.765346050262451	-7.700567245483398
1512060228172	-0.37140607833862305	5.176472187042236	-6.616892337799072
1512060228189	-0.09896016865968704	4.506963729858398	-5.387831687927246
1512060228206	0.10751228034496307	3.958406686782837	-4.397007942199707
1512060228220	0.3225368559360504	3.637091636657715	-3.6480872631073
1512060228234	0.5167919993400574	3.2950072288513184	-2.8380799293518066
1512060228249	0.5595525503158569	3.054326295852661	-2.3860397338867188
1512060228268	0.5778785347938538	2.9407052993774414	-2.113593816757202
1512060228282	0.6108652353286743	2.8649580478668213	-1.8203784227371216
1512060228298	0.6096435189247131	2.778215169906616	-1.6004669666290283
1512060228318	0.607200026512146	2.7366762161254883	-1.4013248682022095
1512060228339	0.6438519954681396	2.839301586151123	-1.23394775390625
1512060228359	0.6609562039375305	2.8564059734344482	-1.037249207496643
1512060228379	0.6426302194595337	2.735454559326172	-0.7855727076530457
1512060228399	0.6475171446800232	2.6316075325012207	-0.5558874011039734
1512060228419	0.6768386960029602	2.607172966003418	-0.32009339332580566
1512060228439	0.6426302194595337	2.465452194213867	-0.19914206862449646
1512060228459	0.5962044596672058	2.283414363861084	-0.16737708449363708
1512060228479	0.5766568183898926	2.163684606552124	-0.12095131725072861
1512060228498	0.5436700582504272	2.0146336555480957	-0.00855211354792118
1512060228518	0.5265658497810364	1.8985692262649536	0.05864306539297104
1512060228539	0.4899139404296875	1.7482963800430298	0.14294247329235077
1512060228558	0.38240164518356323	1.3585642576217651	0.2541199326515198
1512060228580	0.26633724570274353	0.96883225440979	0.3029891550540924
1512060228599	0.22113321721553802	0.8136724829673767	0.26022860407829285
1512060228618	0.251676470041275	0.8637634515762329	0.15027284622192383
1512060228639	0.22846360504627228	0.8552113175392151	0.12095131725072861
1512060228662	0.1820378452539444	0.7843509912490845	0.09529497474431992
1512060228679	0.1062905490398407	0.6878342628479004	0.12217304855585098
1512060228699	0.03420845419168472	0.6548475623130798	0.20525072515010834
1512060228720	0.012217304669320583	0.6890559792518616	0.24556782841682434
1512060228742	-0.015882495790719986	0.6817256212234497	0.26633724570274353
1512060228759	-0.05497787147760391	0.6450737118721008	0.2480112910270691
1512060228778	0.0012217304902151227	0.7391469478607178	0.1612684279680252
1512060228798	0.036651913076639175	0.9969320893287659	0.21991148591041565
1512060228819	0.09285151958465576	1.2412781715393066	0.22357667982578278
1512060228838	0.11239920556545258	1.320690631866455	0.16249015927314758
1512060228858	0.1062905490398407	1.3353514671325684	0.13072516024112701
1512060228882	0.1771509200334549	1.480737328529358	0.08796459436416626
1512060228899	0.2736676335334778	1.7763961553573608	0.05742133408784866
1512060228918	0.3591887652873993	2.015855312347412	-0.01466076634824276
1512060228939	0.3481931984424591	2.059837579727173	-0.036651913076639175
1512060228959	0.27977627515792847	1.9339994192123413	-0.0354301854968071
1512060228978	0.23335053026676178	1.7837265729904175	-0.08307767659425735
1512060229000	0.19303341209888458	1.6493362188339233	-0.09773843735456467
1512060229019	0.1612684279680252	1.595579981803894	-0.10262536257505417
1512060229038	0.16004669666290283	1.529606580734253	-0.13072516024112701
1512060229061	0.13805554807186127	1.2974777221679688	-0.19547687470912933
1512060229078	0.16982053220272064	1.1117748022079468	-0.3127630054950714
1512060229099	0.22113321721553802	0.9651671051979065	-0.43127086758613586
1512060229119	0.24068090319633484	0.8613200187683105	-0.4715879559516907
1512060229139	0.27122417092323303	0.788016140460968	-0.47280970215797424
1512060229158	0.3286454975605011	0.7024950385093689	-0.4605923891067505
1512060229178	0.3677408695220947	0.6731734871864319	-0.45814892649650574
1512060229199	0.394618958234787	0.7122688889503479	-0.44104471802711487
1512060229218	0.4056145250797272	0.8161159753799438	-0.39095374941825867
1512060229239	0.39095374941825867	0.8918632864952087	-0.3286454975605011
1512060229267	0.36163222789764404	0.8955284357070923	-0.27000242471694946
1512060229282	0.32620203495025635	0.799011766910553	-0.2076941877603531
1512060229298	0.23579397797584534	0.6597344875335693	-0.09896016865968704
1512060229318	0.08429940044879913	0.5155702829360962	0.05742133408784866
1512060229338	-0.06719517707824707	0.4043927788734436	0.2028072625398636
1512060229359	-0.17592918872833252	0.2541199326515198	0.2981022298336029
1512060229379	-0.2687807083129883	-0.03176499158143997	0.35063666105270386
1512060229399	-0.34697145223617554	-0.29077184200286865	0.39706242084503174
1512060229419	-0.4031710624694824	-0.4349360466003418	0.4508185386657715
1512060229439	-0.5155702829360962	-0.5754350423812866	0.5436700582504272
1512060229459	-0.608421802520752	-0.750142514705658	0.588874101638794
1512060229478	-0.675616979598999	-0.9065240025520325	0.6059783101081848
1512060229498	-0.6841690540313721	-1.0225883722305298	0.5583308339118958
1512060229519	-0.5852088928222656	-1.0018190145492554	0.4789183437824249
1512060229539	-0.4251621961593628	-0.8662069439888	0.39706242084503174
1512060229558	-0.30054569244384766	-0.7586946487426758	0.33475416898727417
1512060229578	-0.25534167885780334	-0.7867944240570068	0.28955012559890747
1512060229598	-0.294437050819397	-0.921184778213501	0.2541199326515198
1512060229619	-0.32498031854629517	-1.0128145217895508	0.22846360504627228
1512060229638	-0.31520646810531616	-1.0445796251296997	0.1869247704744339
1512060229658	-0.2687807083129883	-1.1154398918151855	0.1258382350206375
1512060229678	-0.23335053026676178	-1.1801916360855103	0.07819075137376785
1512060229698	-0.16371189057826996	-1.166752576828003	0.04642575979232788
1512060229719	-0.07452555745840073	-1.1655309200286865	0.018325956538319588
1512060229738	-0.021991148591041565	-1.205847978591919	0.012217304669320583
1512060229758	-0.0024434609804302454	-1.2522737979888916	0.013439035043120384
1512060229778	0.010995574295520782	-1.2754865884780884	0.01466076634824276
1512060229798	0.00733038317412138	-1.282817006111145	0.021991148591041565
1512060229818	0.05009094998240471	-1.2021827697753906	0.004886921960860491
1512060229838	0.15027284622192383	-1.0739010572433472	-0.04398229718208313
1512060229858	0.2223549485206604	-0.979827880859375	-0.0806342139840126
1512060229878	0.2932153046131134	-0.856433093547821	-0.13561208546161652
1512060229898	0.35674530267715454	-0.7195992469787598	-0.1966986060142517
1512060229919	0.3933972120285034	-0.5949827432632446	-0.24068090319633484
1512060229938	0.394618958234787	-0.5461135506629944	-0.2822197377681732
1512060229958	0.3543018400669098	-0.5510004758834839	-0.3066543638706207
1512060229978	0.2981022298336029	-0.5363397002220154	-0.29077184200286865
1512060229999	0.2174680233001709	-0.5229006409645081	-0.23579397797584534
1512060230018	0.1466076523065567	-0.49846604466438293	-0.19058994948863983
1512060230038	0.0757472887635231	-0.5021312236785889	-0.1563815027475357
1512060230058	-0.0024434609804302454	-0.5290092825889587	-0.11850785464048386
1512060230081	-0.07941248267889023	-0.5387831330299377	-0.05497787147760391
1512060230099	-0.14049901068210602	-0.485027015209198	-0.06108652427792549
1512060230119	-0.2321287989616394	-0.5632177591323853	-0.09407325088977814
1512060230139	-0.3176499307155609	-0.7024950385093689	-0.15271630883216858
1512060230158	-0.4239404797554016	-0.8747590184211731	-0.19425514340400696
1512060230178	-0.5302310585975647	-0.9724974632263184	-0.2565633952617645
1512060230198	-0.6120869517326355	-1.0482447147369385	-0.5009095072746277
1512060230218	-0.7000515460968018	-1.1252137422561646	-0.7965682744979858
1512060230238	-0.7733554244041443	-1.2779301404953003	-1.3194689750671387
1512060230258	-0.8136724829673767	-1.3927727937698364	-1.7763961553573608
1512060230279	-0.7867944240570068	-1.4538593292236328	-2.649933338165283
1512060230299	-0.6621779203414917	-1.3145819902420044	-3.53446626663208
1512060230318	-0.4593706727027893	-1.0910053253173828	-4.408003807067871
1512060230338	-0.21135938167572021	-0.7391469478607178	-5.126380920410156
1512060230358	0.01466076634824276	-0.1820378452539444	-5.672494888305664
1512060230378	0.20036379992961884	0.5057964324951172	-6.164852142333984
1512060230398	0.3225368559360504	1.0286970138549805	-6.321233749389648
1512060230418	0.3384193480014801	1.3292428255081177	-6.082995891571045
1512060230438	0.2993239760398865	1.4013248682022095	-5.540547847747803
1512060230458	0.23945917189121246	1.302364706993103	-4.803844451904297
1512060230478	0.20891591906547546	1.156978726387024	-4.119675159454346
1512060230498	0.16982053220272064	1.1020009517669678	-3.6114354133605957
1512060230518	0.09651670604944229	0.9468411207199097	-2.970026731491089
1512060230538	0.05864306539297104	0.7147123217582703	-2.291966438293457
1512060230558	-0.08429940044879913	0.7440338730812073	-1.9559905529022217
1512060230579	-0.10873401165008545	0.1612684279680252	-0.7220427393913269
1512060230599	-0.18936823308467865	-0.4813618063926697	0.6743952035903931
1512060230618	-0.31642818450927734	-0.8784242272377014	1.8167132139205933
1512060230638	-0.3787364661693573	-1.06657075881958	2.579072952270508
1512060230658	-0.036651913076639175	-1.7617353200912476	3.5161404609680176
1512060230678	0.015882495790719986	-1.7507398128509521	3.780034065246582
1512060230698	-0.03420845419168472	-1.5552629232406616	4.029267311096191
1512060230735	-0.04153883829712868	-1.4587461948394775	4.500854969024658
1512060230757	0.08918632566928864	-1.6212363243103027	4.740314483642578
1512060230788	0.17959438264369965	-1.49906325340271	4.335921287536621
1512060230809	0.20891591906547546	-1.177748203277588	3.87532901763916
1512060230836	0.17470745742321014	-0.5717698931694031	3.386636972427368
1512060230868	0.15515977144241333	-0.10873401165008545	3.219259738922119
1512060230890	0.15515977144241333	0.021991148591041565	3.1422908306121826
1512060230912	0.15393804013729095	0.1771509200334549	2.878396987915039
1512060230929	0.15271630883216858	1.0739010572433472	2.470339059829712
1512060230948	0.14294247329235077	1.6859880685806274	2.183232307434082
1512060230962	0.14416420459747314	1.5625933408737183	2.031737804412842
1512060230976	0.09773843735456467	0.9761626720428467	2.2284364700317383
1512060230990	0.09896016865968704	0.9492846131324768	1.9511035680770874
1512060231004	0.2125810980796814	1.7409659624099731	1.5601497888565063
1512060231021	0.21502456068992615	1.8167132139205933	1.340238332748413
1512060231037	0.1417207419872284	1.4636331796646118	1.23394775390625
1512060231051	0.02932153269648552	1.0018190145492554	1.1557570695877075
1512060231066	-0.00733038317412138	0.9395107626914978	1.0018190145492554
1512060231081	0.18936823308467865	1.7018705606460571	0.5913175344467163
1512060231098	0.1563815027475357	1.742187738418579	0.5522221922874451
1512060231119	0.07941248267889023	1.4868459701538086	0.5180137157440186
1512060231139	0.0	1.2119566202163696	0.48258355259895325
1512060231158	-0.08185594528913498	0.9663888216018677	0.455705463886261
1512060231178	-0.02932153269648552	0.9676105380058289	0.24190263450145721
1512060231199	0.0659734457731247	1.0910053253173828	0.04764748737215996
1512060231218	0.02687807008624077	1.037249207496643	0.05375614017248154
1512060231238	0.12339477986097336	1.359786033630371	0.042760565876960754
1512060231259	0.21502456068992615	1.6285667419433594	0.004886921960860491
1512060231278	0.24190263450145721	1.6664403676986694	-0.004886921960860491
1512060231299	0.1514945775270462	1.3231340646743774	0.03298672288656235
1512060231318	0.07330382615327835	0.9272934198379517	0.05253441259264946
1512060231338	-0.00366519158706069	0.36529740691185	-0.02321287989616394
1512060231358	-0.015882495790719986	0.13316862285137177	-0.024434609338641167
1512060231378	0.0024434609804302454	0.20525072515010834	-0.08185594528913498
1512060231398	0.07330382615327835	0.40194934606552124	-0.1062905490398407
1512060231418	0.10995574295520782	0.5326744914054871	-0.10384709388017654
1512060231438	0.1270599663257599	0.5302310585975647	-0.12339477986097336
1512060231458	0.03420845419168472	0.4092797040939331	-0.09285151958465576
1512060231478	-0.0403171069920063	0.2626720666885376	-0.09285151958465576
1512060231499	-0.07452555745840073	0.17959438264369965	-0.1319468915462494
1512060231518	-0.05009094998240471	0.23579397797584534	-0.16493362188339233
1512060231538	0.14538592100143433	0.5473352670669556	-0.22113321721553802
1512060231558	0.2125810980796814	0.7342600226402283	-0.23579397797584534
1512060231578	0.20525072515010834	1.0128145217895508	-0.16982053220272064
1512060231598	0.21380282938480377	1.2901474237442017	-0.12461651116609573
1512060231618	0.16737708449363708	1.3329079151153564	-0.07941248267889023
1512060231638	0.08185594528913498	1.3267992734909058	-0.004886921960860491
1512060231658	-0.019547687843441963	1.2400563955307007	0.06719517707824707
1512060231678	-0.06352998316287994	1.1203268766403198	0.10751228034496307
1512060231698	-0.09773843735456467	0.9859365224838257	0.14049901068210602
1512060231718	-0.16493362188339233	0.8087855577468872	0.20036379992961884
1512060231738	-0.21502456068992615	0.6352998614311218	0.2687807083129883
1512060231758	-0.23457226157188416	0.5082398653030396	0.31154128909111023
1512060231778	-0.28466320037841797	0.3274237811565399	0.35063666105270386
1512060231798	-0.39095374941825867	0.10384709388017654	0.4129449129104614
1512060231819	-0.4300491213798523	-0.13805554807186127	0.42760565876960754
1512060231838	-0.4642575979232788	-0.36651915311813354	0.45692721009254456
1512060231858	-0.5009095072746277	-0.626747727394104	0.4789183437824249
1512060231878	-0.6487388610839844	-1.0213667154312134	0.5302310585975647
1512060231898	-0.9480628371238708	-1.6200146675109863	0.5742133259773254
1512060231918	-0.9187413454055786	-1.7434093952178955	0.5143485069274902
1512060231938	-0.9431759119033813	-1.8313740491867065	0.5119050741195679
1512060231958	-0.8588765263557434	-1.7727309465408325	0.485027015209198
1512060231978	-0.8136724829673767	-1.7556266784667969	0.46670106053352356
1512060232001	-0.6524040699005127	-1.6884315013885498	0.3982841372489929
1512060232026	-0.5180137157440186	-1.6310101747512817	0.34574973583221436
1512060232040	-0.31642818450927734	-1.5271631479263306	0.24556782841682434
1512060232058	-0.04642575979232788	-1.3255776166915894	0.1270599663257599
1512060232078	0.14294247329235077	-1.1178834438323975	0.06963863968849182
1512060232098	0.37629300355911255	-0.8881980776786804	-0.03176499158143997
1512060232118	0.5546656250953674	-0.6646214127540588	-0.11972958594560623
1512060232143	0.7073819637298584	-0.4715879559516907	-0.20036379992961884
1512060232158	0.7916813492774963	-0.33475416898727417	-0.23335053026676178
1512060232178	0.8197811841964722	-0.24190263450145721	-0.22968533635139465
1512060232198	0.836885392665863	-0.19058994948863983	-0.2370157092809677
1512060232218	0.8307767510414124	-0.1417207419872284	-0.26022860407829285
1512060232238	0.7293730974197388	-0.13439035415649414	-0.24434609711170197
1512060232258	0.5998696684837341	-0.18936823308467865	-0.21868975460529327
1512060232278	0.44715335965156555	-0.22357667982578278	-0.17959438264369965
1512060232298	0.3225368559360504	-0.14416420459747314	-0.14782938361167908
1512060232318	0.2272418737411499	-0.019547687843441963	-0.12461651116609573
1512060232338	0.1918116807937622	0.04153883829712868	-0.21624629199504852
1512060232358	0.08307767659425735	0.028099801391363144	-0.2675589919090271
1512060232378	-0.039095375686883926	-0.03298672288656235	-0.3188716471195221
1512060232398	-0.13561208546161652	-0.0708603709936142	-0.4300491213798523
1512060232418	-0.21624629199504852	-0.14049901068210602	-0.5510004758834839
1512060232439	-0.2626720666885376	-0.21135938167572021	-0.7342600226402283
1512060232459	-0.3029891550540924	-0.21624629199504852	-0.8600982427597046
1512060232478	-0.35674530267715454	-0.304210901260376	-1.1081095933914185
1512060232498	-0.4129449129104614	-0.504574716091156	-1.23394775390625
1512060232518	-0.44715335965156555	-0.8747590184211731	-1.5625933408737183
1512060232538	-0.43615779280662537	-1.0983357429504395	-1.8374826908111572
1512060232558	-0.3995058834552765	-1.3292428255081177	-2.207667112350464
1512060232578	-0.34574973583221436	-1.4746286869049072	-2.4972171783447266
1512060232598	-0.2431243658065796	-1.5919147729873657	-2.9016098976135254
1512060232618	-0.0012217304902151227	-1.607797384262085	-3.771481990814209
1512060232638	0.23335053026676178	-1.4624114036560059	-4.328591346740723
1512060232659	0.5900958180427551	-0.8319984674453735	-5.318192958831787
1512060232678	0.9896016716957092	0.06719517707824707	-6.373767852783203
1512060232698	1.3585642576217651	1.510058879852295	-7.673689365386963
1512060232718	1.3866641521453857	2.8820621967315674	-8.439714431762695
1512060232738	1.1056660413742065	3.734830141067505	-8.472701072692871
1512060232758	0.7305948138237	4.012163162231445	-7.997447967529297
1512060232779	0.3677408695220947	3.952298164367676	-7.3071699142456055
1512060232798	0.1258382350206375	3.6554176807403564	-6.515488624572754
1512060232821	0.09896016865968704	3.1667253971099854	-5.547878265380859
1512060232838	0.3225368559360504	2.6597073078155518	-4.569272041320801
1512060232858	0.6206390857696533	2.2492058277130127	-3.6896259784698486
1512060232878	0.846659243106842	1.9022343158721924	-2.937040090560913
1512060232898	1.0702359676361084	1.1520918607711792	-1.7531832456588745
1512060232918	1.3145819902420044	-0.5387831330299377	0.4960225820541382
1512060232938	1.4220943450927734	-2.6450464725494385	3.221703290939331
1512060232958	1.2388347387313843	-3.7165040969848633	4.729318618774414
1512060232978	0.988379955291748	-4.087910175323486	5.4195966720581055
1512060232998	0.7012733221054077	-4.223522186279297	5.903401851654053
1512060233019	0.5192354321479797	-4.09279727935791	6.053674697875977
1512060233038	0.46303585171699524	-4.013384819030762	6.196617126464844
1512060233059	0.4337143301963806	-3.8765509128570557	6.21983003616333
1512060233078	0.35185837745666504	-3.406184673309326	5.886297702789307
1512060233099	0.2223549485206604	-2.5912904739379883	5.145928859710693
1512060233118	0.12461651116609573	-1.8448129892349243	4.486194133758545
1512060233138	0.09407325088977814	-1.29381263256073	3.9816195964813232
1512060233158	0.11484266817569733	-0.9834930300712585	3.6163222789764404
1512060233178	0.1466076523065567	-0.7586946487426758	3.29134202003479
1512060233198	0.1417207419872284	-0.36529740691185	2.9162707328796387
1512060233218	0.12095131725072861	0.09529497474431992	2.707354784011841
1512060233238	0.12828169763088226	0.39095374941825867	2.5802948474884033
1512060233259	0.13927727937698364	0.5338962078094482	2.4581217765808105
1512060233278	0.15393804013729095	0.7672467231750488	2.291966438293457
1512060233298	0.16249015927314758	1.3720033168792725	2.183232307434082
1512060233318	0.2028072625398636	1.321912407875061	2.012190103530884
1512060233338	0.19792033731937408	0.5729916095733643	2.375044107437134
1512060233358	0.1918116807937622	0.44715335965156555	2.02929425239563
1512060233378	0.19058994948863983	0.6609562039375305	1.7715091705322266
1512060233398	0.2626720666885376	1.6016886234283447	1.5515977144241333
1512060233419	0.2370157092809677	1.6664403676986694	1.380555510520935
1512060233438	0.17837265133857727	1.4526375532150269	1.2999212741851807
1512060233458	0.0806342139840126	0.8943067193031311	1.2889256477355957
1512060233478	0.08307767659425735	0.8210029006004333	1.0910053253173828
1512060233498	0.1258382350206375	0.950506329536438	0.8735373020172119
1512060233518	0.13439035415649414	1.027475357055664	0.7086036801338196
1512060233538	0.09407325088977814	0.9321803450584412	0.6206390857696533
1512060233558	0.04153883829712868	0.836885392665863	0.5461135506629944
1512060233578	0.1661553531885147	1.186300277709961	0.2590068578720093
1512060233598	0.19792033731937408	1.2999212741851807	0.17837265133857727
1512060233618	0.15760323405265808	1.0934487581253052	0.17348572611808777
1512060233638	0.11728613078594208	0.8161159753799438	0.15393804013729095
1512060233658	0.07330382615327835	0.5375614166259766	0.13439035415649414
1512060233679	0.0708603709936142	0.46670106053352356	0.09529497474431992
1512060233698	0.13316862285137177	0.7464773058891296	0.07452555745840073
1512060233718	0.1319468915462494	0.9028588533401489	0.10262536257505417
1512060233738	0.13927727937698364	0.9053022861480713	0.06108652427792549
1512060233758	0.04764748737215996	0.7550294399261475	0.14538592100143433
1512060233778	-0.018325956538319588	0.646295428276062	0.2076941877603531
1512060233799	-0.00366519158706069	0.6743952035903931	0.1820378452539444
1512060233818	0.0659734457731247	0.799011766910553	0.10751228034496307
1512060233839	0.09773843735456467	0.856433093547821	0.045204028487205505
1512060233858	0.08552113175392151	0.836885392665863	0.025656340643763542
1512060233878	0.04764748737215996	0.7354817390441895	0.018325956538319588
1512060233898	0.03787364438176155	0.6927211880683899	-0.0012217304902151227
1512060233919	0.015882495790719986	0.607200026512146	-0.030543262138962746
1512060233938	0.00733038317412138	0.50335294008255	-0.07452555745840073
1512060233958	-0.010995574295520782	0.41172316670417786	-0.12217304855585098
1512060233978	0.006108652334660292	0.37629300355911255	-0.1563815027475357
1512060233998	0.07330382615327835	0.48869219422340393	-0.20891591906547546
1512060234018	0.17470745742321014	0.6951646208763123	-0.26633724570274353
1512060234038	0.22479841113090515	0.911410927772522	-0.24434609711170197
1512060234058	0.26145032048225403	1.0824532508850098	-0.21624629199504852
1512060234078	0.26511552929878235	1.147204875946045	-0.18448130786418915
1512060234099	0.23945917189121246	1.2082914113998413	-0.13439035415649414
1512060234119	0.1869247704744339	1.2315043210983276	-0.0659734457731247
1512060234138	0.14294247329235077	1.2278391122817993	-0.00366519158706069
1512060234158	0.1417207419872284	1.1948524713516235	0.004886921960860491
1512060234178	0.08552113175392151	1.0775662660598755	0.059864792972803116
1512060234198	0.01710422709584236	0.9272934198379517	0.11484266817569733
1512060234218	-0.06352998316287994	0.7098253965377808	0.18570303916931152
1512060234238	-0.13439035415649414	0.5424483418464661	0.2541199326515198
1512060234258	-0.2028072625398636	0.41661009192466736	0.32986724376678467
1512060234279	-0.2638937830924988	0.2626720666885376	0.4080579876899719
1512060234298	-0.31031954288482666	0.08185594528913498	0.4508185386657715
1512060234318	-0.36529740691185	-0.06841690838336945	0.5119050741195679
1512060234338	-0.47769662737846375	-0.2626720666885376	0.6108652353286743
1512060234358	-0.6194173693656921	-0.5473352670669556	0.6988298296928406
1512060234378	-0.9126327037811279	-0.9957103729248047	0.8283332586288452
1512060234398	-1.0348057746887207	-1.2107349634170532	0.8600982427597046
1512060234418	-1.016479730606079	-1.2400563955307007	0.8552113175392151
1512060234438	-0.93095862865448	-1.1630873680114746	0.8405506014823914
1512060234458	-0.8283332586288452	-1.1227703094482422	0.7916813492774963
1512060234478	-0.8222246170043945	-1.2034045457839966	0.7855727076530457
1512060234498	-0.6621779203414917	-1.147204875946045	0.6902777552604675
1512060234519	-0.47280970215797424	-1.0653489828109741	0.5913175344467163
1512060234538	-0.2565633952617645	-0.9822713136672974	0.45326200127601624
1512060234558	-0.06841690838336945	-0.93095862865448	0.3188716471195221
1512060234578	0.17837265133857727	-0.8063421249389648	0.1612684279680252
1512060234598	0.3995058834552765	-0.5864306092262268	0.02687807008624077
1512060234618	0.607200026512146	-0.41661009192466736	-0.10995574295520782
1512060234638	0.7220427393913269	-0.2785545587539673	-0.2431243658065796
1512060234658	0.7660250067710876	-0.19547687470912933	-0.39706242084503174
1512060234678	0.7293730974197388	-0.14905111491680145	-0.5021312236785889
1512060234698	0.6817256212234497	-0.11850785464048386	-0.5656611919403076
1512060234718	0.6096435189247131	-0.1062905490398407	-0.6059783101081848
1512060234738	0.5094616413116455	-0.1417207419872284	-0.6255260109901428
1512060234758	0.38240164518356323	-0.2076941877603531	-0.608421802520752
1512060234778	0.27977627515792847	-0.19547687470912933	-0.5876523852348328
1512060234798	0.19914206862449646	-0.13927727937698364	-0.5839871764183044
1512060234818	0.09407325088977814	-0.19425514340400696	-0.5742133259773254
1512060234839	0.0012217304902151227	-0.3433062732219696	-0.5925393104553223
1512060234858	-0.0757472887635231	-0.48747047781944275	-0.5949827432632446
1512060234878	-0.1319468915462494	-0.6133087277412415	-0.6035348773002625
1512060234898	-0.17470745742321014	-0.8136724829673767	-0.6304129362106323
1512060234918	-0.2272418737411499	-1.1227703094482422	-0.6536257863044739
1512060234939	-0.26633724570274353	-1.2669345140457153	-0.6230825781822205
1512060234959	-0.3029891550540924	-1.4049900770187378	-0.6206390857696533
1512060234978	-0.3090978264808655	-1.4526375532150269	-0.7134906053543091
1512060234998	-0.3139847218990326	-1.538158655166626	-0.8772025108337402
1512060235018	-0.3433062732219696	-1.6273449659347534	-1.0531316995620728
1512060235038	-0.36163222789764404	-1.674992561340332	-1.284038782119751
1512060235058	-0.35552358627319336	-1.576032280921936	-1.6212363243103027
1512060235078	-0.3274237811565399	-1.5515977144241333	-2.0671679973602295
1512060235098	-0.24434609711170197	-1.6029103994369507	-2.7684412002563477
1512060235118	-0.10384709388017654	-1.5234979391098022	-3.597996234893799
1512060235139	0.07330382615327835	-1.1814134120941162	-4.447099208831787
1512060235158	0.3127630054950714	-0.6633996367454529	-5.3976054191589355
1512060235178	0.6792821288108826	0.3591887652873993	-6.960198402404785
1512060235198	0.9199630618095398	1.9535470008850098	-8.668177604675293
1512060235218	0.7440338730812073	3.306002616882324	-9.562484741210938
1512060235238	0.4056145250797272	3.793473243713379	-9.294925689697266
1512060235259	0.2675589919090271	3.4318408966064453	-8.122064590454102
1512060235278	0.8026769161224365	3.0531044006347656	-7.148344993591309
1512060235298	1.036027431488037	2.559525489807129	-5.942497253417969
1512060235318	1.2180652618408203	2.015855312347412	-4.750088214874268
1512060235338	1.1850786209106445	1.5845844745635986	-3.7592647075653076
1512060235358	1.2119566202163696	0.8979719281196594	-2.4752259254455566
1512060235379	1.3927727937698364	-0.6951646208763123	0.10262536257505417
1512060235398	1.4489723443984985	-2.4776694774627686	3.0604348182678223
1512060235418	1.2046263217926025	-3.519805431365967	5.19113302230835
1512060235438	0.8503243923187256	-3.718947649002075	6.163630485534668
1512060235458	0.5094616413116455	-3.375641345977783	6.295577049255371
1512060235478	0.3384193480014801	-2.900388240814209	5.915618896484375
1512060235498	0.2565633952617645	-2.4911084175109863	5.580864906311035
1512060235518	0.1160643994808197	-1.9168951511383057	5.11538553237915
1512060235539	-0.0403171069920063	-1.2754865884780884	4.618141174316406
1512060235558	-0.10751228034496307	-0.9004153609275818	4.475198745727539
1512060235578	-0.08796459436416626	-0.6682865619659424	4.305378437042236
1512060235598	-0.14905111491680145	-0.14538592100143433	4.004832744598389
1512060235618	-0.17104226350784302	0.2773328125476837	3.908315896987915
1512060235638	-0.0708603709936142	0.22602014243602753	3.7531561851501465
1512060235658	0.06352998316287994	-0.22113321721553802	3.802025318145752
1512060235678	0.1062905490398407	-0.10506882518529892	3.2168164253234863
1512060235699	0.1319468915462494	0.20525072515010834	2.7733283042907715
1512060235718	0.13805554807186127	0.5937610268592834	2.5473079681396484
1512060235738	0.15027284622192383	0.7757988572120667	2.2540926933288574
1512060235758	0.14905111491680145	0.7965682744979858	2.1148154735565186
1512060235778	0.1417207419872284	0.8405506014823914	1.9914207458496094
1512060235798	0.18448130786418915	1.1924089193344116	1.8460347652435303
1512060235818	0.20891591906547546	1.4245377779006958	1.6847662925720215
1512060235838	0.17959438264369965	1.2376129627227783	1.4953981637954712
1512060235858	0.16737708449363708	1.0922271013259888	1.2803735733032227
1512060235878	0.2480112910270691	1.5344934463500977	1.1337659358978271
1512060235898	0.3628539443016052	2.2565362453460693	0.9957103729248047
1512060235918	0.32009339332580566	2.052507162094116	0.8735373020172119
1512060235940	0.2321287989616394	1.6236798763275146	0.8515461683273315
1512060235958	0.10751228034496307	1.0848966836929321	0.8845328688621521
1512060235978	0.15882496535778046	1.0604621171951294	0.7330383062362671
1512060235998	0.22846360504627228	1.1789699792861938	0.5962044596672058
1512060236018	0.2431243658065796	1.1129964590072632	0.513126790523529
1512060236038	0.1869247704744339	0.8723155856132507	0.4691445231437683
1512060236058	0.1014036312699318	0.607200026512146	0.44837507605552673
1512060236078	0.0659734457731247	0.5277875661849976	0.39095374941825867
1512060236098	0.07819075137376785	0.5522221922874451	0.33597588539123535
1512060236119	0.04398229718208313	0.4911356568336487	0.3078760802745819
1512060236138	0.0354301854968071	0.4544837474822998	0.25045475363731384
1512060236158	0.04398229718208313	0.5326744914054871	0.21868975460529327
1512060236178	0.09651670604944229	0.6108652353286743	0.13561208546161652
1512060236198	0.02932153269648552	0.49235737323760986	0.12828169763088226
1512060236218	-0.06841690838336945	0.34208452701568604	0.15882496535778046
1512060236238	-0.18936823308467865	0.1319468915462494	0.1612684279680252
1512060236258	-0.2565633952617645	0.05375614017248154	0.12828169763088226
1512060236278	-0.08918632566928864	0.27488934993743896	-0.04764748737215996
1512060236299	-0.05253441259264946	0.4092797040939331	-0.04764748737215996
1512060236319	-0.01466076634824276	0.5900958180427551	-0.04153883829712868
1512060236339	0.0012217304902151227	0.7012733221054077	-0.03420845419168472
1512060236358	0.0012217304902151227	0.7648032903671265	-0.019547687843441963
1512060236378	-0.036651913076639175	0.7147123217582703	-0.004886921960860491
1512060236398	-0.0757472887635231	0.626747727394104	-0.03787364438176155
1512060236418	-0.03420845419168472	0.6279694437980652	-0.10751228034496307
1512060236438	0.2541199326515198	0.8833111524581909	-0.33475416898727417
1512060236458	0.5021312236785889	1.2205088138580322	-0.4447098970413208
1512060236479	0.5754350423812866	1.3976596593856812	-0.4251621961593628
1512060236499	0.5485569834709167	1.3439035415649414	-0.39706242084503174
1512060236518	0.48258355259895325	1.23394775390625	-0.3799581825733185
1512060236538	0.47280970215797424	1.2131783962249756	-0.39095374941825867
1512060236558	0.47769662737846375	1.086118459701538	-0.43615779280662537
1512060236580	0.4862487316131592	0.8930850028991699	-0.485027015209198
1512060236599	0.4398229718208313	0.7134906053543091	-0.46547931432724
1512060236618	0.3579670190811157	0.5852088928222656	-0.3933972120285034
1512060236638	0.28955012559890747	0.5668829679489136	-0.30543261766433716
1512060236658	0.2773328125476837	0.6328563690185547	-0.23335053026676178
1512060236678	0.11972958594560623	0.5949827432632446	-0.0403171069920063
1512060236698	-0.11484266817569733	0.43615779280662537	0.19303341209888458
1512060236718	-0.2675589919090271	0.2968805134296417	0.3494149148464203
1512060236738	-0.34086281061172485	0.19914206862449646	0.4251621961593628
1512060236758	-0.4813618063926697	-0.1014036312699318	0.4948008358478546
1512060236779	-0.6340781450271606	-0.513126790523529	0.5448917746543884
1512060236798	-0.7562511563301086	-0.7941248416900635	0.6096435189247131
1512060236818	-0.8210029006004333	-0.9480628371238708	0.6707300543785095
1512060236838	-0.9908234477043152	-1.1362093687057495	0.8014551997184753
1512060236858	-1.2082914113998413	-1.3292428255081177	0.9724974632263184
1512060236878	-1.264491081237793	-1.398881435394287	1.0018190145492554
1512060236898	-1.176526427268982	-1.303586483001709	0.960280179977417
1512060236918	-0.9553932547569275	-1.1056660413742065	0.8784242272377014
1512060236938	-0.8222246170043945	-1.0250319242477417	0.8503243923187256
1512060236958	-0.6206390857696533	-0.979827880859375	0.7110471725463867
1512060236978	-0.28466320037841797	-0.8026769161224365	0.4862487316131592
1512060237003	0.006108652334660292	-0.6609562039375305	0.2919935882091522
1512060237019	0.23335053026676178	-0.6145304441452026	0.14782938361167908
1512060237038	0.3897320330142975	-0.6377432942390442	0.0024434609804302454
1512060237058	0.5864306092262268	-0.5791002511978149	-0.15393804013729095
1512060237078	0.7293730974197388	-0.45326200127601624	-0.24434609711170197
1512060237098	0.8869763612747192	-0.2968805134296417	-0.3530801236629486
1512060237118	0.979827880859375	-0.2015855312347412	-0.43615779280662537
1512060237138	0.9993755221366882	-0.23579397797584534	-0.513126790523529
1512060237158	0.9248499870300293	-0.3677408695220947	-0.5387831330299377
1512060237178	0.8576548099517822	-0.4691445231437683	-0.5387831330299377
1512060237198	0.7916813492774963	-0.46303585171699524	-0.49846604466438293
1512060237218	0.6731734871864319	-0.5717698931694031	-0.42638394236564636
1512060237239	0.5656611919403076	-0.6927211880683899	-0.3677408695220947
1512060237258	0.4495968222618103	-0.7305948138237	-0.3017674386501312
1512060237278	0.294437050819397	-0.6780604124069214	-0.1820378452539444
1512060237298	0.15760323405265808	-0.6133087277412415	-0.08429940044879913
1512060237318	0.0403171069920063	-0.6695083379745483	-0.03298672288656235
1512060237338	-0.059864792972803116	-0.8381071090698242	-0.03176499158143997
1512060237358	-0.16004669666290283	-1.0580185651779175	-0.042760565876960754
1512060237378	-0.22479841113090515	-1.166752576828003	-0.05742133408784866
1512060237398	-0.27122417092323303	-1.177748203277588	-0.12095131725072861
1512060237418	-0.32620203495025635	-1.1704177856445312	-0.15760323405265808
1512060237438	-0.3689626157283783	-1.215621829032898	-0.24190263450145721
1512060237459	-0.42760565876960754	-1.361007809638977	-0.384845107793808
1512060237478	-0.43249258399009705	-1.3744467496871948	-0.5436700582504272
1512060237498	-0.45692721009254456	-1.4037683010101318	-0.7379252314567566
1512060237518	-0.5155702829360962	-1.5308283567428589	-0.9150761365890503
1512060237538	-0.6316346526145935	-1.8655824661254883	-1.1447614431381226
1512060237558	-0.6951646208763123	-2.052507162094116	-1.3072515726089478
1512060237579	-0.7379252314567566	-2.1893410682678223	-1.8093829154968262
1512060237598	-0.7342600226402283	-2.183232307434082	-2.685363531112671
1512060237619	-0.6389650702476501	-2.0146336555480957	-4.1221184730529785
1512060237638	-0.48258355259895325	-1.5723671913146973	-5.508782863616943
1512060237659	-0.19792033731937408	-0.17470745742321014	-8.396953582763672
1512060237678	-0.1661553531885147	2.3664920330047607	-11.94485855102539
1512060237698	-0.8063421249389648	4.224743843078613	-13.423152923583984
1512060237718	-1.6762142181396484	4.754974842071533	-13.037086486816406
1512060237738	-2.4019222259521484	4.4874162673950195	-11.894767761230469
1512060237758	-2.654820442199707	3.905872344970703	-10.500773429870605
1512060237778	-2.3774874210357666	3.045774221420288	-8.530122756958008
1512060237798	-1.9156733751296997	2.3322834968566895	-6.687752723693848
1512060237820	-1.4391984939575195	1.8350391387939453	-5.186245918273926
1512060237838	-0.8234463334083557	1.7116444110870361	-4.107458114624023
1512060237858	0.21991148591041565	1.5711454153060913	-2.5949554443359375
1512060237878	1.0458012819290161	0.9969320893287659	-0.7745771408081055
1512060237898	1.7043139934539795	-0.16493362188339233	1.549154281616211
1512060237918	2.3860397338867188	-2.1172590255737305	4.7806315422058105
1512060237938	2.604729413986206	-3.656639337539673	7.298617839813232
1512060237958	2.285857677459717	-4.098905563354492	8.197811126708984
1512060237978	1.8411478996276855	-3.980397939682007	8.307766914367676
1512060237998	1.3573426008224487	-3.5698964595794678	8.136725425720215
1512060238018	0.9004153609275818	-2.9626965522766113	7.729888916015625
1512060238039	0.5839871764183044	-2.381152629852295	7.199657917022705
1512060238058	0.40072759985923767	-1.9620991945266724	6.747617721557617
1512060238079	0.2773328125476837	-1.4672982692718506	6.00847053527832
1512060238098	0.18081611394882202	-0.9126327037811279	5.1434855461120605
1512060238119	0.13316862285137177	-0.43615779280662537	4.403116703033447
1512060238138	0.15760323405265808	-0.2834414839744568	4.1612138748168945
1512060238158	0.19914206862449646	-0.12950342893600464	3.749490976333618
1512060238178	0.21502456068992615	0.039095375686883926	3.2840116024017334
1512060238198	0.21991148591041565	0.19303341209888458	3.0408871173858643
1512060238218	0.2076941877603531	0.3139847218990326	3.1117475032806396
1512060238238	0.20525072515010834	0.513126790523529	2.800206184387207
1512060238258	0.21991148591041565	0.7965682744979858	2.3408355712890625
1512060238278	0.2480112910270691	0.9871582388877869	1.9058995246887207
1512060238298	0.2431243658065796	1.0409144163131714	1.6395623683929443
1512060238318	0.21502456068992615	1.1081095933914185	1.6701055765151978
1512060238338	0.20891591906547546	1.254717230796814	1.6505578756332397
1512060238358	0.1918116807937622	1.224173903465271	1.4477506875991821
1512060238378	0.16493362188339233	1.0787880420684814	1.2486085891723633
1512060238398	0.07330382615327835	0.7733554244041443	1.1728612184524536
1512060238419	0.004886921960860491	0.675616979598999	1.186300277709961
1512060238438	0.02932153269648552	0.8637634515762329	1.1203268766403198
1512060238459	0.06475171446800232	0.9126327037811279	0.9382890462875366
1512060238478	0.028099801391363144	0.7745771408081055	0.8503243923187256
1512060238498	-0.07696902006864548	0.5253441333770752	0.8674286603927612
1512060238518	-0.18325957655906677	0.33475416898727417	0.8943067193031311
1512060238538	-0.21624629199504852	0.2431243658065796	0.8112290501594543
1512060238558	-0.18570303916931152	0.24068090319633484	0.6475171446800232
1512060238578	-0.1258382350206375	0.2675589919090271	0.48747047781944275
1512060238598	0.14905111491680145	0.5925393104553223	0.08307767659425735
1512060238620	0.43249258399009705	1.1362093687057495	-0.20891591906547546
1512060238638	0.5375614166259766	1.389107584953308	-0.33597588539123535
1512060238658	0.49846604466438293	1.3683381080627441	-0.34697145223617554
1512060238678	0.375071257352829	1.1154398918151855	-0.33108896017074585
1512060238698	0.3274237811565399	0.9627236127853394	-0.3787364661693573
1512060238718	0.3591887652873993	0.998153805732727	-0.4251621961593628
1512060238738	0.4129449129104614	1.1459832191467285	-0.4508185386657715
1512060238758	0.42271876335144043	1.2791517972946167	-0.4239404797554016
1512060238778	0.39706242084503174	1.3158037662506104	-0.38117989897727966
1512060238798	0.3384193480014801	1.320690631866455	-0.3323107063770294
1512060238819	0.21868975460529327	1.1997393369674683	-0.24923302233219147
1512060238838	0.09529497474431992	1.0201449394226074	-0.1514945775270462
1512060238858	-0.04398229718208313	0.7684684991836548	-0.0403171069920063
1512060238879	-0.1258382350206375	0.5998696684837341	0.00855211354792118
1512060238899	-0.15515977144241333	0.4508185386657715	0.00733038317412138
1512060238918	-0.1612684279680252	0.4337143301963806	0.0024434609804302454
1512060238938	-0.06108652427792549	0.608421802520752	-0.05009094998240471
1512060238958	0.05742133408784866	0.8906415104866028	-0.10384709388017654
1512060238978	0.1563815027475357	1.0726794004440308	-0.14905111491680145
1512060238998	0.2076941877603531	1.1655309200286865	-0.18081611394882202
1512060239018	0.24434609711170197	1.1753047704696655	-0.21502456068992615
1512060239039	0.2590068578720093	1.1020009517669678	-0.22602014243602753
1512060239058	0.22968533635139465	1.017701506614685	-0.2064724564552307
1512060239078	0.2015855312347412	0.921184778213501	-0.17837265133857727
1512060239098	0.16493362188339233	0.8539896011352539	-0.15027284622192383
1512060239118	0.06719517707824707	0.7330383062362671	-0.045204028487205505
1512060239138	-0.05864306539297104	0.6230825781822205	0.09285151958465576
1512060239158	-0.16737708449363708	0.5082398653030396	0.22479841113090515
1512060239179	-0.2883284091949463	0.36651915311813354	0.3543018400669098
1512060239198	-0.35185837745666504	0.2174680233001709	0.42271876335144043
1512060239219	-0.42638394236564636	-0.15027284622192383	0.46181413531303406
1512060239238	-0.5607742667198181	-0.6230825781822205	0.5253441333770752
1512060239258	-0.7171558141708374	-0.9822713136672974	0.5998696684837341
1512060239278	-0.9053022861480713	-1.2522737979888916	0.7318165898323059
1512060239298	-1.0922271013259888	-1.4624114036560059	0.8747590184211731
1512060239318	-1.321912407875061	-1.7495180368423462	1.0201449394226074
1512060239338	-1.4220943450927734	-1.910786509513855	1.0616837739944458
1512060239358	-1.4587461948394775	-2.004859685897827	1.076344609260559
1512060239380	-1.359786033630371	-1.9816468954086304	1.018923282623291
1512060239398	-1.1520918607711792	-1.842369556427002	0.9028588533401489
1512060239418	-0.8185594081878662	-1.5931365489959717	0.7098253965377808
1512060239438	-0.4813618063926697	-1.351233959197998	0.49846604466438293
1512060239458	-0.24190263450145721	-1.1630873680114746	0.34086281061172485
1512060239478	0.00733038317412138	-1.0238101482391357	0.16249015927314758
1512060239498	0.2174680233001709	-0.8600982427597046	0.004886921960860491
1512060239518	0.43249258399009705	-0.7232644557952881	-0.1612684279680252
1512060239538	0.5925393104553223	-0.5827654600143433	-0.3139847218990326
1512060239558	0.7293730974197388	-0.44593164324760437	-0.45204028487205505
1512060239578	0.8478809595108032	-0.26633724570274353	-0.5681046843528748
1512060239599	0.8845328688621521	-0.14294247329235077	-0.6023131608963013
1512060239618	0.8662069439888	0.013439035043120384	-0.5974262356758118
1512060239638	0.8063421249389648	0.1417207419872284	-0.5791002511978149
1512060239658	0.7134906053543091	0.18081611394882202	-0.5485569834709167
1512060239678	0.616973876953125	0.16859880089759827	-0.5290092825889587
1512060239698	0.50335294008255	0.0708603709936142	-0.5216789245605469
1512060239718	0.39095374941825867	-0.0403171069920063	-0.50335294008255
1512060239739	0.30054569244384766	-0.14416420459747314	-0.4948008358478546
1512060239758	0.1918116807937622	-0.22479841113090515	-0.46670106053352356
1512060239778	0.09162978827953339	-0.2565633952617645	-0.4948008358478546
1512060239798	0.0024434609804302454	-0.33475416898727417	-0.5143485069274902
1512060239818	-0.08796459436416626	-0.455705463886261	-0.48869219422340393
1512060239839	-0.16737708449363708	-0.6255260109901428	-0.5021312236785889
1512060239858	-0.2431243658065796	-0.8185594081878662	-0.5363397002220154
1512060239878	-0.32498031854629517	-1.047023057937622	-0.6108652353286743
1512060239898	-0.41661009192466736	-1.313360333442688	-0.7305948138237
1512060239919	-0.5021312236785889	-1.4501941204071045	-0.7562511563301086
1512060239938	-0.5815436840057373	-1.5369369983673096	-0.9101892113685608
1512060239958	-0.6389650702476501	-1.4624114036560059	-1.1655309200286865
1512060239978	-0.6707300543785095	-1.4135421514511108	-1.7641788721084595
1512060239998	-0.6536257863044739	-1.3194689750671387	-2.791654109954834
1512060240019	-0.5461135506629944	-1.0604621171951294	-3.910759210586548
1512060240038	-0.375071257352829	-0.5839871764183044	-5.12515926361084
1512060240058	-0.08307767659425735	0.2883284091949463	-6.803817272186279
1512060240078	0.13927727937698364	1.3878858089447021	-8.142833709716797
1512060240099	0.15515977144241333	2.660928964614868	-9.17763900756836
1512060240119	-0.19425514340400696	3.7946949005126953	-9.705427169799805
1512060240139	-0.5705481171607971	3.9901716709136963	-9.092118263244629
1512060240158	-0.7916813492774963	3.621209144592285	-7.892378807067871
1512060240178	-0.8649851679801941	2.9993484020233154	-6.466619491577148
1512060240198	-0.49724429845809937	2.4129176139831543	-5.198463439941406
1512060240218	0.1270599663257599	1.8680258989334106	-4.020715236663818
1512060240238	0.6230825781822205	1.451415777206421	-3.0579915046691895
1512060240258	0.7733554244041443	1.1520918607711792	-2.3102922439575195
1512060240278	0.8698720932006836	0.48380526900291443	-1.0543533563613892
1512060240298	0.9749409556388855	-0.4642575979232788	0.49846604466438293
1512060240319	0.9651671051979065	-1.1264355182647705	1.6041321754455566
1512060240338	0.8185594081878662	-1.7397441864013672	2.6193902492523193
1512060240359	0.5387831330299377	-2.3383922576904297	3.8008036613464355
1512060240378	0.2382374405860901	-2.465452194213867	4.42144250869751
1512060240398	0.006108652334660292	-2.2626447677612305	4.477642059326172
1512060240418	-0.0708603709936142	-1.9413297176361084	4.192978858947754
1512060240439	-0.11850785464048386	-1.8154915571212769	4.268726348876953
1512060240459	-0.2834414839744568	-1.6688838005065918	4.57904577255249
1512060240478	-0.40683624148368835	-1.4110987186431885	4.6718974113464355
1512060240498	-0.3323107063770294	-1.3952162265777588	4.748866558074951
1512060240518	-0.2076941877603531	-1.2583824396133423	4.361577987670898
1512060240538	-0.16371189057826996	-0.8784242272377014	3.8069121837615967
1512060240558	-0.20036379992961884	-0.3591887652873993	3.411071538925171
1512060240578	-0.20036379992961884	-0.05497787147760391	3.246137857437134
1512060240599	-0.05009094998240471	-0.20891591906547546	2.9712486267089844
1512060240618	0.030543262138962746	-0.1466076523065567	2.598620653152466
1512060240638	0.01466076634824276	0.18814650177955627	2.3664920330047607
1512060240658	-0.04886921867728233	0.6059783101081848	2.4862215518951416
1512060240678	0.03298672288656235	0.6511823534965515	2.140471935272217
1512060240698	0.1014036312699318	0.294437050819397	1.9999728202819824
1512060240718	0.16249015927314758	0.1014036312699318	1.7910568714141846
1512060240738	0.18448130786418915	0.22846360504627228	1.5796974897384644
1512060240758	0.15515977144241333	0.6096435189247131	1.5735888481140137
1512060240779	0.1514945775270462	0.6841690540313721	1.4489723443984985
1512060240798	0.12461651116609573	0.5949827432632446	1.3536773920059204
1512060240818	0.07941248267889023	0.5314527750015259	1.310916781425476
1512060240838	0.05497787147760391	0.9724974632263184	1.3426817655563354
1512060240858	0.018325956538319588	1.0604621171951294	1.3768903017044067
1512060240878	-0.028099801391363144	0.8796459436416626	1.350012183189392
1512060240898	-0.05497787147760391	0.6951646208763123	1.23394775390625
1512060240918	-0.09040805697441101	0.49846604466438293	1.1337659358978271
1512060240938	-0.09651670604944229	0.513126790523529	1.056796908378601
1512060240958	-0.08918632566928864	0.6279694437980652	0.9737191796302795
1512060240978	-0.08185594528913498	0.6646214127540588	0.9162978529930115
1512060240998	-0.10384709388017654	0.6243042945861816	0.8955284357070923
1512060241018	-0.12828169763088226	0.5265658497810364	0.8674286603927612
1512060241038	-0.13927727937698364	0.5155702829360962	0.8429940342903137
1512060241058	-0.1270599663257599	0.49235737323760986	0.7147123217582703
1512060241078	-0.10995574295520782	0.39095374941825867	0.598647952079773
1512060241099	-0.1319468915462494	0.22602014243602753	0.4996877610683441
1512060241118	-0.1417207419872284	0.05375614017248154	0.40194934606552124
1512060241138	-0.08918632566928864	0.004886921960860491	0.28955012559890747
1512060241158	-0.021991148591041565	0.06352998316287994	0.17959438264369965
1512060241179	0.17348572611808777	0.40683624148368835	0.025656340643763542
1512060241198	0.2480112910270691	0.5815436840057373	-0.02076941914856434
1512060241218	0.35185837745666504	0.7660250067710876	-0.10506882518529892
1512060241238	0.3933972120285034	0.8087855577468872	-0.1514945775270462
1512060241258	0.3677408695220947	0.7391469478607178	-0.1612684279680252
1512060241278	0.3481931984424591	0.6352998614311218	-0.17470745742321014
1512060241298	0.37262779474258423	0.5791002511978149	-0.21135938167572021
1512060241318	0.4080579876899719	0.6890559792518616	-0.24068090319633484
1512060241338	0.485027015209198	0.9297369122505188	-0.27000242471694946
1512060241358	0.5326744914054871	1.1374311447143555	-0.2785545587539673
1512060241380	0.4911356568336487	1.1582005023956299	-0.2541199326515198
1512060241398	0.43737950921058655	1.0250319242477417	-0.24190263450145721
1512060241419	0.455705463886261	0.8319984674453735	-0.3323107063770294
1512060241438	0.5717698931694031	0.685390830039978	-0.5241223573684692
1512060241458	0.6841690540313721	0.5998696684837341	-0.6866125464439392
1512060241478	0.6988298296928406	0.5998696684837341	-0.7073819637298584
1512060241498	0.6572909951210022	0.7586946487426758	-0.6670648455619812
1512060241518	0.5729916095733643	0.9101892113685608	-0.6035348773002625
1512060241538	0.48380526900291443	0.8918632864952087	-0.5070181488990784
1512060241558	0.4105014503002167	0.8723155856132507	-0.4202753007411957
1512060241578	0.3481931984424591	0.8552113175392151	-0.34697145223617554
1512060241599	0.2724458873271942	0.6939429044723511	-0.2675589919090271
1512060241618	0.17592918872833252	0.46303585171699524	-0.16004669666290283
1512060241638	0.04398229718208313	0.2773328125476837	-0.025656340643763542
1512060241659	-0.08918632566928864	-0.08307767659425735	0.09651670604944229
1512060241678	-0.31520646810531616	-0.49235737323760986	0.30054569244384766
1512060241698	-0.5094616413116455	-0.7831292152404785	0.46670106053352356
1512060241718	-0.7415903806686401	-1.0812314748764038	0.6707300543785095
1512060241738	-0.9456194043159485	-1.301142930984497	0.8515461683273315
1512060241758	-1.1093312501907349	-1.4184291362762451	1.0152580738067627
1512060241778	-1.2767083644866943	-1.49906325340271	1.1728612184524536
1512060241798	-1.4294246435165405	-1.5735888481140137	1.2950342893600464
1512060241819	-1.5271631479263306	-1.588249683380127	1.379333734512329
1512060241838	-1.4941763877868652	-1.5308283567428589	1.3720033168792725
1512060241858	-1.3170254230499268	-1.340238332748413	1.282817006111145
1512060241878	-1.0323622226715088	-1.1007791757583618	1.1032226085662842
1512060241898	-0.8014551997184753	-0.9297369122505188	0.9297369122505188
1512060241918	-0.5656611919403076	-0.817337691783905	0.7379252314567566
1512060241938	-0.32620203495025635	-0.7073819637298584	0.5302310585975647
1512060241958	-0.13927727937698364	-0.636521577835083	0.36163222789764404
1512060241978	0.021991148591041565	-0.598647952079773	0.20402899384498596
1512060241998	0.20036379992961884	-0.5510004758834839	-0.010995574295520782
1512060242018	0.34697145223617554	-0.5106833577156067	-0.16249015927314758
1512060242038	0.49357911944389343	-0.4337143301963806	-0.3029891550540924
1512060242058	0.588874101638794	-0.3689626157283783	-0.4129449129104614
1512060242078	0.6414085030555725	-0.294437050819397	-0.4764748811721802
1512060242098	0.7159340381622314	-0.21624629199504852	-0.5277875661849976
1512060242118	0.7049384713172913	-0.1466076523065567	-0.5253441333770752
1512060242138	0.6682865619659424	-0.08796459436416626	-0.5167919993400574
1512060242158	0.5913175344467163	-0.05619960278272629	-0.5021312236785889
1512060242180	0.5155702829360962	-0.02687807008624077	-0.49357911944389343
1512060242198	0.44593164324760437	-0.04886921867728233	-0.5106833577156067
1512060242218	0.3323107063770294	-0.12950342893600464	-0.4715879559516907
1512060242238	0.24190263450145721	-0.23579397797584534	-0.45814892649650574
1512060242258	0.14538592100143433	-0.3384193480014801	-0.42760565876960754
1512060242278	0.05497787147760391	-0.4288274049758911	-0.4031710624694824
1512060242298	-0.030543262138962746	-0.4764748811721802	-0.40683624148368835
1512060242318	-0.11239920556545258	-0.5143485069274902	-0.40683624148368835
1512060242338	-0.19303341209888458	-0.5766568183898926	-0.4434881806373596
1512060242358	-0.28466320037841797	-0.7464773058891296	-0.46792277693748474
1512060242379	-0.36651915311813354	-1.009149432182312	-0.485027015209198
1512060242398	-0.4495968222618103	-1.274264931678772	-0.43737950921058655
1512060242418	-0.5216789245605469	-1.4404202699661255	-0.4544837474822998
1512060242438	-0.598647952079773	-1.5173892974853516	-0.5412266254425049
1512060242458	-0.66584312915802	-1.5467108488082886	-0.7464773058891296
1512060242478	-0.7244861721992493	-1.5442672967910767	-1.0873401165008545
1512060242498	-0.7586946487426758	-1.3964380025863647	-1.7006487846374512
1512060242518	-0.7709119319915771	-1.216843605041504	-2.5998425483703613
1512060242538	-0.7122688889503479	-0.9077457785606384	-3.899763822555542
1512060242558	-0.5436700582504272	-0.14905111491680145	-5.806885242462158
1512060242578	-0.4337143301963806	1.1129964590072632	-7.597941875457764
1512060242598	-0.5619960427284241	2.554638385772705	-9.020035743713379
1512060242618	-0.9382890462875366	3.5772268772125244	-9.551488876342773
1512060242638	-1.7067575454711914	4.184426784515381	-9.301033973693848
1512060242659	-2.090380907058716	3.916867971420288	-8.181928634643555
1512060242678	-2.1649065017700195	3.332880735397339	-6.835582256317139
1512060242698	-1.9034560918807983	2.676811456680298	-5.547878265380859
1512060242718	-1.5809192657470703	2.101376533508301	-4.425107955932617
1512060242738	-0.5998696684837341	1.7153096199035645	-3.589444160461426
1512060242758	0.4386012554168701	1.313360333442688	-2.7232372760772705
1512060242778	1.2950342893600464	0.836885392665863	-1.8167132139205933
1512060242798	1.8118263483047485	0.48258355259895325	-1.1007791757583618
1512060242818	1.891238808631897	0.3677408695220947	-0.7562511563301086
1512060242838	1.6407840251922607	0.02321287989616394	-0.1466076523065567
1512060242859	1.4831807613372803	-0.5473352670669556	0.7855727076530457
1512060242878	1.4245377779006958	-1.0739010572433472	1.6847662925720215
1512060242898	1.3561208248138428	-1.673770785331726	2.7476718425750732
1512060242918	1.2180652618408203	-2.2040019035339355	3.79958176612854
1512060242938	1.1606439352035522	-2.5973989963531494	4.64501953125
1512060242958	1.0592403411865234	-2.765997886657715	5.181358814239502
1512060242978	0.7305948138237	-2.417804718017578	5.165476322174072
1512060242998	0.3335324227809906	-1.8936822414398193	5.130046367645264
1512060243018	0.09773843735456467	-1.4721852540969849	5.155702590942383
1512060243038	0.20525072515010834	-1.6236798763275146	5.461135387420654
1512060243058	0.31031954288482666	-1.5638149976730347	5.126380920410156
1512060243079	0.29077184200286865	-1.2388347387313843	4.656014919281006
1512060243098	0.19058994948863983	-0.6866125464439392	4.262617588043213
1512060243118	0.14049901068210602	-0.22846360504627228	3.7812559604644775
1512060243138	0.14049901068210602	-0.09896016865968704	3.525914192199707
1512060243158	0.15882496535778046	0.08307767659425735	3.112969398498535
1512060243178	0.14416420459747314	0.4129449129104614	2.7965409755706787
1512060243198	0.1319468915462494	0.9028588533401489	2.5106561183929443
1512060243218	0.15760323405265808	0.9431759119033813	2.2125539779663086
1512060243238	0.15882496535778046	0.5448917746543884	2.135584831237793
1512060243258	0.17959438264369965	0.5852088928222656	1.793500304222107
1512060243278	0.20402899384498596	1.4257594347000122	1.5320500135421753
1512060243299	0.2064724564552307	1.9462167024612427	1.4062118530273438
1512060243318	0.20891591906547546	1.7311921119689941	1.2290608882904053
1512060243338	0.16859880089759827	1.0824532508850098	1.226617455482483
1512060243358	0.16249015927314758	0.7134906053543091	1.0873401165008545
1512060243378	0.19547687470912933	0.6988298296928406	0.8894197940826416
1512060243398	0.2064724564552307	0.6951646208763123	0.7440338730812073
1512060243418	0.1514945775270462	0.5522221922874451	0.7073819637298584
1512060243439	0.042760565876960754	0.2883284091949463	0.7623597979545593
1512060243459	-0.042760565876960754	0.13805554807186127	0.7953465580940247
1512060243478	-0.07452555745840073	0.17104226350784302	0.7244861721992493
1512060243500	-0.12461651116609573	0.15760323405265808	0.720820963382721
1512060243518	-0.19914206862449646	0.07696902006864548	0.7305948138237
1512060243538	-0.47769662737846375	-0.36529740691185	0.8894197940826416
1512060243558	-0.5204572081565857	-0.34208452701568604	0.8210029006004333
1512060243578	-0.2981022298336029	0.14294247329235077	0.608421802520752
1512060243598	-0.32620203495025635	0.1869247704744339	0.5754350423812866
1512060243618	-0.3604104816913605	0.16493362188339233	0.5180137157440186
1512060243638	-0.41172316670417786	0.09407325088977814	0.46303585171699524
1512060243658	-0.34208452701568604	0.17959438264369965	0.3396410644054413
1512060243678	-0.14416420459747314	0.4398229718208313	0.11239920556545258
1512060243698	0.018325956538319588	0.6499606370925903	-0.04642575979232788
1512060243718	0.039095375686883926	0.6682865619659424	-0.0806342139840126
1512060243738	0.10384709388017654	0.6927211880683899	-0.16737708449363708
1512060243758	0.2638937830924988	0.8637634515762329	-0.2981022298336029
1512060243778	0.3933972120285034	1.0030407905578613	-0.39706242084503174
1512060243798	0.504574716091156	0.979827880859375	-0.5400048494338989
1512060243818	0.6414085030555725	0.9615018963813782	-0.7318165898323059
1512060243838	0.7550294399261475	1.047023057937622	-0.8503243923187256
1512060243858	0.8148942589759827	1.1924089193344116	-0.8759807348251343
1512060243879	0.807563841342926	1.2950342893600464	-0.8258898258209229
1512060243899	0.7562511563301086	1.2754865884780884	-0.7611380815505981
1512060243919	0.7134906053543091	1.1924089193344116	-0.7086036801338196
1512060243941	0.6792821288108826	1.1105530261993408	-0.6768386960029602
1512060243958	0.6524040699005127	1.1227703094482422	-0.6438519954681396
1512060243978	0.5754350423812866	1.1301007270812988	-0.5546656250953674
1512060243998	0.5106833577156067	1.0946705341339111	-0.48747047781944275
1512060244018	0.41172316670417786	0.9431759119033813	-0.40072759985923767
1512060244038	0.19425514340400696	0.7623597979545593	-0.18570303916931152
1512060244058	-0.01710422709584236	0.5241223573684692	0.03176499158143997
1512060244078	-0.1270599663257599	0.3738495409488678	0.16982053220272064
1512060244098	-0.2125810980796814	0.18448130786418915	0.2480112910270691
1512060244118	-0.3335324227809906	0.013439035043120384	0.36529740691185
1512060244138	-0.455705463886261	-0.22602014243602753	0.4495968222618103
1512060244159	-0.5791002511978149	-0.5326744914054871	0.5326744914054871
1512060244178	-0.6927211880683899	-0.7464773058891296	0.6206390857696533
1512060244198	-0.6878342628479004	-0.797789990901947	0.6352998614311218
1512060244218	-0.6768386960029602	-0.8283332586288452	0.646295428276062
1512060244238	-0.6572909951210022	-0.856433093547821	0.6450737118721008
1512060244258	-0.5974262356758118	-0.8723155856132507	0.6511823534965515
1512060244278	-0.5705481171607971	-0.9443976879119873	0.66584312915802
1512060244298	-0.5192354321479797	-1.0299187898635864	0.6389650702476501
1512060244318	-0.4178318381309509	-1.0519099235534668	0.5619960427284241
1512060244339	-0.2993239760398865	-1.0103710889816284	0.48258355259895325
1512060244358	-0.15760323405265808	-0.9651671051979065	0.36651915311813354
1512060244378	-0.0403171069920063	-0.9040805697441101	0.2638937830924988
1512060244398	0.059864792972803116	-0.8417723178863525	0.18448130786418915
1512060244418	0.1514945775270462	-0.7965682744979858	0.09162978827953339
1512060244438	0.20891591906547546	-0.7525860071182251	0.025656340643763542
1512060244458	0.2565633952617645	-0.6927211880683899	-0.045204028487205505
1512060244478	0.3090978264808655	-0.6609562039375305	-0.12339477986097336
1512060244499	0.33597588539123535	-0.6438519954681396	-0.2015855312347412
1512060244518	0.3677408695220947	-0.5534439086914062	-0.27977627515792847
1512060244538	0.35552358627319336	-0.4691445231437683	-0.2981022298336029
1512060244558	0.2773328125476837	-0.4141666293144226	-0.25045475363731384
1512060244578	0.20525072515010834	-0.3677408695220947	-0.2223549485206604
1512060244599	0.15271630883216858	-0.29565876722335815	-0.20525072515010834
1512060244619	0.11239920556545258	-0.19058994948863983	-0.1918116807937622
1512060244638	0.09285151958465576	-0.11484266817569733	-0.2125810980796814
1512060244658	0.0708603709936142	-0.10018189996480942	-0.24068090319633484
1512060244678	0.021991148591041565	-0.17592918872833252	-0.27977627515792847
1512060244698	0.00366519158706069	-0.1722639948129654	-0.3995058834552765
1512060244718	0.0024434609804302454	-0.09285151958465576	-0.5571091175079346
1512060244738	-0.036651913076639175	-0.19425514340400696	-0.6304129362106323
1512060244758	-0.05742133408784866	-0.4031710624694824	-0.7489207983016968
1512060244778	-0.07696902006864548	-0.7049384713172913	-0.9101892113685608
1512060244798	-0.08429940044879913	-1.0201449394226074	-1.0543533563613892
1512060244819	-0.0806342139840126	-1.2754865884780884	-1.1423180103302002
1512060244838	-0.09162978827953339	-1.5173892974853516	-1.2021827697753906
1512060244859	-0.09651670604944229	-1.7067575454711914	-1.2803735733032227
1512060244878	-0.11484266817569733	-1.8484781980514526	-1.313360333442688
1512060244898	-0.1368338167667389	-1.9743164777755737	-1.292590856552124
1512060244918	-0.16004669666290283	-1.9999728202819824	-1.274264931678772
1512060244938	-0.17959438264369965	-2.0647244453430176	-1.273043155670166
1512060244958	-0.19425514340400696	-2.0610592365264893	-1.292590856552124
1512060244978	-0.17104226350784302	-1.6481144428253174	-1.968207836151123
1512060244998	-0.12828169763088226	-1.1203268766403198	-2.833193063735962
1512060245018	-0.1319468915462494	-0.799011766910553	-3.2180380821228027
1512060245038	-0.0659734457731247	-0.13805554807186127	-4.3090434074401855
1512060245058	-0.08185594528913498	0.7476990818977356	-5.426926612854004
1512060245079	-0.294437050819397	1.8460347652435303	-6.5228190422058105
1512060245098	-0.5070181488990784	2.317622661590576	-6.6205573081970215
1512060245118	-0.6487388610839844	2.5949554443359375	-6.627887725830078
1512060245138	-0.8881980776786804	2.6645941734313965	-6.234490871429443
1512060245159	-1.1630873680114746	2.495995283126831	-5.4342570304870605
1512060245178	-1.253495454788208	2.1111502647399902	-4.38967752456665
1512060245198	-1.0885618925094604	1.653001308441162	-3.3988542556762695
1512060245218	-0.5876523852348328	1.026253581047058	-2.27852725982666
1512060245238	-0.1270599663257599	0.4153883755207062	-1.215621829032898
1512060245258	0.17837265133857727	-0.10384709388017654	-0.23335053026676178
1512060245278	0.26145032048225403	-0.7024950385093689	1.0128145217895508
1512060245299	0.30054569244384766	-1.1068878173828125	1.9230037927627563
1512060245318	0.28955012559890747	-1.2999212741851807	2.4825563430786133
1512060245338	0.17104226350784302	-1.3182471990585327	2.8234190940856934
1512060245358	-0.004886921960860491	-1.186300277709961	3.02622652053833
1512060245378	-0.09285151958465576	-1.0910053253173828	3.199712038040161
1512060245398	-0.039095375686883926	-1.2119566202163696	3.4831535816192627
1512060245418	0.05619960278272629	-1.4453071355819702	3.8423423767089844
1512060245438	0.018325956538319588	-1.253495454788208	3.7079520225524902
1512060245458	-0.06841690838336945	-0.9431759119033813	3.571118116378784
1512060245478	-0.14782938361167908	-0.6389650702476501	3.4599406719207764
1512060245499	-0.17592918872833252	-0.38606682419776917	3.2644639015197754
1512060245519	-0.19303341209888458	-0.15760323405265808	2.995683193206787
1512060245538	-0.21013765037059784	0.06719517707824707	2.769663095474243
1512060245559	-0.23090706765651703	0.28588494658470154	2.596177339553833
1512060245578	-0.24068090319633484	0.40683624148368835	2.517986536026001
1512060245598	-0.23579397797584534	0.45814892649650574	2.4666738510131836
1512060245618	-0.2028072625398636	0.6377432942390442	2.2186625003814697
1512060245638	-0.21868975460529327	0.8869763612747192	2.0867156982421875
1512060245658	-0.251676470041275	1.1582005023956299	2.057394027709961
1512060245678	-0.22357667982578278	1.1887437105178833	1.881464958190918
1512060245698	-0.18448130786418915	1.1203268766403198	1.7409659624099731
1512060245718	-0.14049901068210602	1.018923282623291	1.5943583250045776
1512060245738	-0.10262536257505417	0.9285151958465576	1.4917329549789429
1512060245758	-0.08674286305904388	0.856433093547821	1.4269812107086182
1512060245778	-0.07819075137376785	0.8234463334083557	1.3426817655563354
1512060245798	-0.07696902006864548	0.7721336483955383	1.2510520219802856
1512060245820	-0.06230825558304787	0.6768386960029602	1.1423180103302002
1512060245851	-0.0659734457731247	0.5497786998748779	1.0739010572433472
1512060245865	-0.08552113175392151	0.3897320330142975	1.027475357055664
1512060245880	-0.07819075137376785	0.2675589919090271	0.9285151958465576
1512060245899	-0.0659734457731247	0.2370157092809677	0.8246681094169617
1512060245918	-0.06963863968849182	0.21502456068992615	0.7305948138237
1512060245938	-0.1111774742603302	0.16249015927314758	0.6963863968849182
1512060245958	-0.13316862285137177	0.17837265133857727	0.66584312915802
1512060245978	-0.06841690838336945	0.3176499307155609	0.5583308339118958
1512060245998	-0.013439035043120384	0.42760565876960754	0.46670106053352356
1512060246018	0.009773843921720982	0.4813618063926697	0.4398229718208313
1512060246038	0.02321287989616394	0.5302310585975647	0.4337143301963806
1512060246058	0.0024434609804302454	0.5522221922874451	0.4092797040939331
1512060246078	-0.009773843921720982	0.5412266254425049	0.3530801236629486
1512060246098	-0.02321287989616394	0.4813618063926697	0.2822197377681732
1512060246119	-0.015882495790719986	0.4202753007411957	0.1918116807937622
1512060246138	0.006108652334660292	0.40683624148368835	0.1111774742603302
1512060246158	0.0806342139840126	0.48869219422340393	0.019547687843441963
1512060246178	0.24434609711170197	0.6792821288108826	-0.11850785464048386
1512060246198	0.4300491213798523	0.846659243106842	-0.28588494658470154
1512060246218	0.5815436840057373	0.9615018963813782	-0.4288274049758911
1512060246238	0.7012733221054077	0.9944885969161987	-0.5607742667198181
1512060246258	0.7806857824325562	1.0140362977981567	-0.6585127115249634
1512060246278	0.8332201838493347	1.0299187898635864	-0.7257078886032104
1512060246298	0.8576548099517822	1.0604621171951294	-0.740368664264679
1512060246318	0.8772025108337402	1.1178834438323975	-0.7318165898323059
1512060246339	0.8161159753799438	1.1484266519546509	-0.6426302194595337
1512060246359	0.7134906053543091	1.1582005023956299	-0.5338962078094482
1512060246378	0.6255260109901428	1.0848966836929321	-0.45326200127601624
1512060246398	0.4911356568336487	0.9834930300712585	-0.33108896017074585
1512060246418	0.2773328125476837	0.8307767510414124	-0.1270599663257599
1512060246438	0.09162978827953339	0.6768386960029602	0.05009094998240471
1512060246458	-0.0757472887635231	0.4911356568336487	0.2028072625398636
1512060246478	-0.1771509200334549	0.32131510972976685	0.2626720666885376
1512060246498	-0.2919935882091522	0.0012217304902151227	0.3445279896259308
1512060246518	-0.45814892649650574	-0.36529740691185	0.4508185386657715
1512060246542	-0.5729916095733643	-0.5632177591323853	0.5338962078094482
1512060246558	-0.7452555894851685	-0.6951646208763123	0.6841690540313721
1512060246578	-0.8967501521110535	-0.8161159753799438	0.8014551997184753
1512060246598	-1.0543533563613892	-0.9615018963813782	0.9126327037811279
1512060246619	-1.1337659358978271	-1.0494664907455444	0.9578366875648499
1512060246638	-1.0971139669418335	-1.0238101482391357	0.9346238374710083
1512060246658	-1.0152580738067627	-0.9676105380058289	0.8955284357070923
1512060246678	-0.9272934198379517	-0.9248499870300293	0.8417723178863525
1512060246698	-0.8112290501594543	-0.9040805697441101	0.7672467231750488
1512060246718	-0.6951646208763123	-0.8857545852661133	0.6866125464439392
1512060246742	-0.5009095072746277	-0.8258898258209229	0.5412266254425049
1512060246759	-0.32009339332580566	-0.759916365146637	0.3897320330142975
1512060246779	-0.16493362188339233	-0.7086036801338196	0.251676470041275
1512060246798	-0.012217304669320583	-0.6487388610839844	0.12095131725072861
1512060246822	0.14416420459747314	-0.5962044596672058	-0.021991148591041565
1512060246840	0.27977627515792847	-0.5522221922874451	-0.16371189057826996
1512060246858	0.3995058834552765	-0.5473352670669556	-0.28955012559890747
1512060246878	0.4605923891067505	-0.5021312236785889	-0.3579670190811157
1512060246898	0.50335294008255	-0.5082398653030396	-0.4105014503002167
1512060246918	0.5546656250953674	-0.47769662737846375	-0.46181413531303406
1512060246938	0.5729916095733643	-0.40072759985923767	-0.46792277693748474
1512060246958	0.5607742667198181	-0.33719760179519653	-0.44593164324760437
1512060246978	0.4801400899887085	-0.3274237811565399	-0.38728857040405273
1512060246998	0.40194934606552124	-0.3885102868080139	-0.35063666105270386
1512060247018	0.3066543638706207	-0.43615779280662537	-0.3017674386501312
1512060247038	0.23579397797584534	-0.43127086758613586	-0.27611109614372253
1512060247059	0.17104226350784302	-0.40683624148368835	-0.2638937830924988
1512060247078	0.10995574295520782	-0.3995058834552765	-0.304210901260376
1512060247098	0.0708603709936142	-0.3799581825733185	-0.39584067463874817
1512060247118	0.025656340643763542	-0.3628539443016052	-0.47280970215797424
1512060247138	-0.0403171069920063	-0.4105014503002167	-0.5302310585975647
1512060247158	-0.09040805697441101	-0.5192354321479797	-0.6230825781822205
1512060247178	-0.13072516024112701	-0.66584312915802	-0.7782423496246338
1512060247198	-0.16859880089759827	-0.7941248416900635	-0.8759807348251343
1512060247218	-0.20891591906547546	-0.9077457785606384	-0.9517280459403992
1512060247238	-0.23090706765651703	-1.0592403411865234	-1.0714576244354248
1512060247258	-0.2638937830924988	-1.3158037662506104	-1.176526427268982
1512060247279	-0.2932153046131134	-1.6505578756332397	-1.2559388875961304
1512060247298	-0.29565876722335815	-1.927890658378601	-1.4110987186431885
1512060247318	-0.29077184200286865	-2.102598190307617	-1.5234979391098022
1512060247338	-0.294437050819397	-2.213775634765625	-1.595579981803894
1512060247358	-0.27611109614372253	-2.3347270488739014	-1.7140878438949585
1512060247378	-0.23335053026676178	-2.394591808319092	-1.881464958190918
1512060247398	-0.19914206862449646	-2.331061840057373	-2.0610592365264893
1512060247418	-0.13072516024112701	-1.8680258989334106	-2.7562239170074463
1512060247438	-0.0659734457731247	-1.1227703094482422	-3.7311649322509766
1512060247458	0.015882495790719986	-0.4691445231437683	-4.682892799377441
1512060247478	0.06352998316287994	0.33597588539123535	-5.715255260467529
1512060247499	-0.01710422709584236	1.3194689750671387	-6.679200649261475
1512060247518	-0.3494149148464203	2.2821924686431885	-7.285179138183594
1512060247538	-0.8906415104866028	2.8295278549194336	-7.193549156188965
1512060247558	-1.2608258724212646	2.8771753311157227	-6.591236114501953
1512060247578	-1.4074335098266602	2.737898111343384	-5.958379745483398
1512060247598	-1.4135421514511108	2.4605650901794434	-5.243667125701904
1512060247618	-1.350012183189392	2.0610592365264893	-4.346917152404785
1512060247638	-1.2034045457839966	1.598023533821106	-3.375641345977783
1512060247658	-0.93095862865448	1.207069754600525	-2.574186086654663
1512060247678	-0.3066543638706207	0.7379252314567566	-1.6896532773971558
1512060247698	0.17959438264369965	0.4300491213798523	-1.0005972385406494
1512060247719	0.5253441333770752	-0.07819075137376785	0.019547687843441963
1512060247738	0.7953465580940247	-0.769690215587616	1.235169529914856
1512060247758	0.921184778213501	-1.4257594347000122	2.383596181869507
1512060247778	0.836885392665863	-1.9816468954086304	3.48071026802063
1512060247798	0.5681046843528748	-2.1991147994995117	4.243070125579834
1512060247818	0.32131510972976685	-2.0781636238098145	4.4849724769592285
1512060247838	0.19058994948863983	-1.860695481300354	4.428772926330566
1512060247858	0.11972958594560623	-1.616349458694458	4.213748455047607
1512060247878	-0.05375614017248154	-1.3096951246261597	4.173431396484375
1512060247898	-0.22602014243602753	-0.9553932547569275	4.07080602645874
1512060247918	-0.31154128909111023	-0.6218608021736145	3.8289034366607666
1512060247940	-0.33475416898727417	-0.33475416898727417	3.519805431365967
1512060247959	-0.3530801236629486	-0.012217304669320583	3.2473597526550293
1512060247978	-0.42271876335144043	0.3433062732219696	3.2754595279693604
1512060247998	-0.43615779280662537	0.6243042945861816	3.2473597526550293
1512060248018	-0.3017674386501312	0.5461135506629944	3.1227431297302246
1512060248038	-0.11728613078594208	0.21135938167572021	2.9712486267089844
1512060248058	-0.02932153269648552	0.19303341209888458	2.7281241416931152
1512060248078	-0.01710422709584236	0.42271876335144043	2.554638385772705
1512060248098	-0.009773843921720982	0.6621779203414917	2.431243658065796
1512060248119	0.07330382615327835	0.6572909951210022	2.0622811317443848
1512060248138	0.13439035415649414	0.2590068578720093	1.919338583946228
1512060248160	0.18814650177955627	0.22357667982578278	1.6517796516418457
1512060248178	0.2028072625398636	0.37140607833862305	1.4501941204071045
1512060248198	0.17837265133857727	0.5448917746543884	1.3231340646743774
1512060248218	0.15393804013729095	0.5791002511978149	1.1533136367797852
1512060248239	0.11484266817569733	0.47769662737846375	0.9822713136672974
1512060248258	0.07330382615327835	0.4386012554168701	0.836885392665863
1512060248279	0.12461651116609573	0.921184778213501	0.6023131608963013
1512060248298	0.12950342893600464	1.1325441598892212	0.45692721009254456
1512060248318	0.08185594528913498	0.998153805732727	0.41172316670417786
1512060248338	0.06352998316287994	0.8613200187683105	0.33475416898727417
1512060248358	0.051312681287527084	0.8845328688621521	0.2773328125476837
1512060248380	0.06719517707824707	1.3231340646743774	0.25534167885780334
1512060248398	0.03298672288656235	1.4037683010101318	0.26633724570274353
1512060248418	0.006108652334660292	1.226617455482483	0.22968533635139465
1512060248438	-0.045204028487205505	0.9370672702789307	0.24678955972194672
1512060248458	-0.08552113175392151	0.7806857824325562	0.2932153046131134
1512060248478	-0.10384709388017654	0.8515461683273315	0.3274237811565399
1512060248498	-0.11728613078594208	0.9040805697441101	0.3543018400669098
1512060248519	-0.14782938361167908	0.7819074988365173	0.3543018400669098
1512060248538	-0.23090706765651703	0.5473352670669556	0.38240164518356323
1512060248558	-0.26511552929878235	0.4715879559516907	0.3982841372489929
1512060248578	-0.2528982162475586	0.5522221922874451	0.39095374941825867
1512060248599	-0.20525072515010834	0.6817256212234497	0.3445279896259308
1512060248618	-0.17959438264369965	0.6841690540313721	0.28955012559890747
1512060248638	-0.13072516024112701	0.6279694437980652	0.2076941877603531
1512060248658	-0.09285151958465576	0.616973876953125	0.13561208546161652
1512060248678	-0.04642575979232788	0.6585127115249634	0.08552113175392151
1512060248698	-0.009773843921720982	0.7183775305747986	0.05009094998240471
1512060248718	0.024434609338641167	0.6597344875335693	0.010995574295520782
1512060248738	0.03176499158143997	0.513126790523529	-0.013439035043120384
1512060248758	0.08918632566928864	0.5143485069274902	-0.05864306539297104
1512060248778	0.18081611394882202	0.5693264007568359	-0.1160643994808197
1512060248799	0.2736676335334778	0.6878342628479004	-0.18081611394882202
1512060248818	0.3066543638706207	0.7195992469787598	-0.2125810980796814
1512060248838	0.31031954288482666	0.6914994716644287	-0.22602014243602753
1512060248858	0.3640756905078888	0.6866125464439392	-0.27488934993743896
1512060248878	0.4141666293144226	0.6768386960029602	-0.294437050819397
1512060248898	0.4190535545349121	0.6609562039375305	-0.2687807083129883
1512060248918	0.38117989897727966	0.6340781450271606	-0.2125810980796814
1512060248938	0.3286454975605011	0.6243042945861816	-0.15882496535778046
1512060248958	0.28099802136421204	0.5619960427284241	-0.1111774742603302
1512060248978	0.1771509200334549	0.4202753007411957	-0.024434609338641167
1512060248998	0.08796459436416626	0.32986724376678467	0.0757472887635231
1512060249019	-0.01466076634824276	0.12828169763088226	0.16249015927314758
1512060249038	-0.1820378452539444	-0.2382374405860901	0.3066543638706207
1512060249058	-0.3445279896259308	-0.6316346526145935	0.4349360466003418
1512060249078	-0.48258355259895325	-0.8674286603927612	0.5265658497810364
1512060249098	-0.6743952035903931	-0.9822713136672974	0.7000515460968018
1512060249118	-0.8429940342903137	-1.1166616678237915	0.8552113175392151
1512060249138	-1.009149432182312	-1.29381263256073	0.979827880859375
1512060249159	-1.1068878173828125	-1.451415777206421	1.0445796251296997
1512060249178	-1.1056660413742065	-1.5051720142364502	1.047023057937622
1512060249198	-1.0910053253173828	-1.5222761631011963	1.0213667154312134
1512060249219	-1.0152580738067627	-1.49906325340271	0.979827880859375
1512060249238	-0.8613200187683105	-1.3878858089447021	0.8979719281196594
1512060249258	-0.6157521605491638	-1.1814134120941162	0.7525860071182251
1512060249278	-0.35185837745666504	-0.9615018963813782	0.5839871764183044
1512060249298	-0.1014036312699318	-0.7721336483955383	0.40194934606552124
1512060249318	0.09773843735456467	-0.6426302194595337	0.2541199326515198
1512060249338	0.2541199326515198	-0.5473352670669556	0.1270599663257599
1512060249358	0.37629300355911255	-0.4495968222618103	0.0
1512060249378	0.48380526900291443	-0.32620203495025635	-0.1466076523065567
1512060249398	0.5949827432632446	-0.2822197377681732	-0.29077184200286865
1512060249420	0.6487388610839844	-0.23457226157188416	-0.3836233615875244
1512060249438	0.6768386960029602	-0.15515977144241333	-0.4337143301963806
1512060249458	0.6817256212234497	-0.09040805697441101	-0.44593164324760437
1512060249478	0.6780604124069214	-0.06352998316287994	-0.48869219422340393
1512060249498	0.6059783101081848	-0.05742133408784866	-0.485027015209198
1512060249518	0.49357911944389343	-0.12339477986097336	-0.44226643443107605
1512060249538	0.3677408695220947	-0.23090706765651703	-0.3933972120285034
1512060249558	0.25534167885780334	-0.2919935882091522	-0.3384193480014801
1512060249578	0.17837265133857727	-0.35185837745666504	-0.33108896017074585
1512060249598	0.1014036312699318	-0.4337143301963806	-0.3176499307155609
1512060249619	0.015882495790719986	-0.5534439086914062	-0.31642818450927734
1512060249640	-0.05497787147760391	-0.5974262356758118	-0.28955012559890747
1512060249658	-0.10751228034496307	-0.6291912198066711	-0.3225368559360504
1512060249678	-0.17837265133857727	-0.7855727076530457	-0.33108896017074585
1512060249698	-0.22357667982578278	-0.9419541954994202	-0.37629300355911255
1512060249718	-0.2638937830924988	-1.0983357429504395	-0.43737950921058655
1512060249738	-0.2871066629886627	-1.214400053024292	-0.504574716091156
1512060249758	-0.3225368559360504	-1.3854423761367798	-0.5778785347938538
1512060249778	-0.35063666105270386	-1.5332717895507812	-0.6133087277412415
1512060249798	-0.3799581825733185	-1.6591099500656128	-0.6389650702476501
1512060249818	-0.39095374941825867	-1.7482963800430298	-0.7098253965377808
1512060249838	-0.4080579876899719	-1.890017032623291	-0.8356636762619019
1512060249859	-0.4129449129104614	-1.9804251194000244	-0.9370672702789307
1512060249878	-0.41172316670417786	-2.0476202964782715	-1.0152580738067627
1512060249898	-0.39706242084503174	-2.0696115493774414	-1.1753047704696655
1512060249918	-0.39217549562454224	-2.068389654159546	-1.2877039909362793
1512060249939	-0.3494149148464203	-1.8851301670074463	-1.663996934890747
1512060249958	-0.3090978264808655	-1.4477506875991821	-2.3347270488739014
1512060249979	-0.27977627515792847	-1.1325441598892212	-2.902831554412842
1512060249998	-0.23945917189121246	-0.7183775305747986	-3.7030651569366455
1512060250018	-0.18814650177955627	0.0	-4.961447715759277
1512060250038	-0.20036379992961884	1.2034045457839966	-6.819699764251709
1512060250059	-0.4544837474822998	2.285857677459717	-7.820296764373779
1512060250079	-0.8600982427597046	2.8185322284698486	-7.723780155181885
1512060250098	-1.0995573997497559	2.9077186584472656	-7.243639945983887
1512060250119	-1.1716395616531372	2.8380799293518066	-6.78793478012085
1512060250138	-1.3463469743728638	2.735454559326172	-6.206390857696533
1512060250158	-1.567480206489563	2.4214699268341064	-5.285206317901611
1512060250178	-1.6029103994369507	1.9730947017669678	-4.21619176864624
1512060250198	-1.2095131874084473	1.566258430480957	-3.3536500930786133
1512060250218	-0.7562511563301086	1.027475357055664	-2.274862289428711
1512060250238	-0.22968533635139465	0.28099802136421204	-0.8161159753799438
1512060250258	0.2968805134296417	-0.5485569834709167	0.7574729323387146
1512060250278	0.7293730974197388	-1.3573426008224487	2.172236919403076
1512060250299	0.8979719281196594	-1.8851301670074463	3.163060188293457
1512060250318	0.7819074988365173	-2.191784381866455	4.002388954162598
1512060250338	0.4642575979232788	-2.1514673233032227	4.574159145355225
1512060250358	0.27122417092323303	-1.9657644033432007	4.8001790046691895
1512060250378	0.3433062732219696	-2.079385280609131	5.068959712982178
1512060250398	0.3176499307155609	-1.8765780925750732	4.833165645599365
1512060250418	0.21624629199504852	-1.567480206489563	4.6938886642456055
1512060250438	0.09285151958465576	-1.1374311447143555	4.488637924194336
1512060250458	0.030543262138962746	-0.7244861721992493	4.157548904418945
1512060250478	0.04764748737215996	-0.5351179838180542	3.8814377784729004
1512060250498	0.06841690838336945	-0.3433062732219696	3.606548309326172
1512060250520	0.04764748737215996	-0.04764748737215996	3.441614866256714
1512060250538	0.04886921867728233	0.22357667982578278	3.282789945602417
1512060250558	0.09040805697441101	0.3127630054950714	2.941926956176758
1512060250578	0.13439035415649414	0.28466320037841797	2.6254987716674805
1512060250598	0.16249015927314758	0.4288274049758911	2.2602014541625977
1512060250618	0.16859880089759827	0.7941248416900635	1.996307611465454
1512060250638	0.17348572611808777	1.0592403411865234	1.8118263483047485
1512060250658	0.21013765037059784	1.1044443845748901	1.5173892974853516
1512060250678	0.24434609711170197	1.0580185651779175	1.253495454788208
1512060250698	0.2638937830924988	1.0067058801651	1.0836749076843262
1512060250718	0.2724458873271942	1.1154398918151855	1.018923282623291
1512060250738	0.2785545587539673	1.1997393369674683	0.9615018963813782
1512060250759	0.27122417092323303	1.1044443845748901	0.8808676600456238
1512060250778	0.22846360504627228	0.9737191796302795	0.8258898258209229
1512060250799	0.17348572611808777	0.901637077331543	0.8112290501594543
1512060250818	0.13439035415649414	0.9187413454055786	0.8124507665634155
1512060250838	0.1062905490398407	0.9065240025520325	0.8051204085350037
1512060250858	0.06841690838336945	0.720820963382721	0.7745771408081055
1512060250878	0.0354301854968071	0.5632177591323853	0.7000515460968018
1512060250898	-0.039095375686883926	0.40072759985923767	0.6817256212234497
1512060250918	-0.07696902006864548	0.3995058834552765	0.6438519954681396
1512060250938	-0.15271630883216858	0.3799581825733185	0.6352998614311218
1512060250958	-0.23945917189121246	0.2919935882091522	0.626747727394104
1512060250978	-0.3323107063770294	0.19058994948863983	0.6194173693656921
1512060250998	-0.3995058834552765	0.15393804013729095	0.6023131608963013
1512060251018	-0.4337143301963806	0.14294247329235077	0.5424483418464661
1512060251038	-0.4813618063926697	0.0757472887635231	0.485027015209198
1512060251058	-0.5412266254425049	-0.019547687843441963	0.44104471802711487
1512060251078	-0.4447098970413208	-0.012217304669320583	0.21868975460529327
1512060251098	-0.2382374405860901	0.10995574295520782	-0.06475171446800232
1512060251118	-0.019547687843441963	0.39706242084503174	-0.35185837745666504
1512060251138	0.10873401165008545	0.6157521605491638	-0.5241223573684692
1512060251158	0.16004669666290283	0.7721336483955383	-0.6194173693656921
1512060251178	0.39584067463874817	1.0067058801651	-0.9199630618095398
1512060251199	0.7354817390441895	1.568701982498169	-1.2107349634170532
1512060251219	0.7660250067710876	1.8887953758239746	-1.2278391122817993
1512060251239	0.7379252314567566	2.1197023391723633	-1.2217304706573486
1512060251258	0.6352998614311218	2.2149972915649414	-1.1630873680114746
1512060251278	0.5241223573684692	2.261423110961914	-1.1093312501907349
1512060251298	0.45204028487205505	2.3347270488739014	-1.1093312501907349
1512060251318	0.3677408695220947	2.456900119781494	-1.1032226085662842
1512060251338	0.23945917189121246	2.6926939487457275	-1.0616837739944458
1512060251358	0.06108652427792549	2.7879889011383057	-0.9651671051979065
1512060251378	-0.12461651116609573	2.671924591064453	-0.8393288254737854
1512060251398	-0.26022860407829285	2.498438835144043	-0.7611380815505981
1512060251418	-0.3090978264808655	2.3078489303588867	-0.7648032903671265
1512060251438	-0.28466320037841797	2.13314151763916	-0.8283332586288452
1512060251459	-0.20891591906547546	1.986533761024475	-0.9053022861480713
1512060251478	-0.19792033731937408	1.927890658378601	-0.9236282706260681
1512060251498	-0.2590068578720093	1.940108060836792	-0.9162978529930115
1512060251518	-0.40072759985923767	2.211332082748413	-0.9028588533401489
1512060251538	-0.618195652961731	2.409252643585205	-0.836885392665863
1512060251558	-0.769690215587616	2.4190263748168945	-0.7684684991836548
1512060251579	-0.8100073337554932	2.3628268241882324	-0.740368664264679
1512060251598	-0.7574729323387146	2.2992968559265137	-0.7489207983016968
1512060251618	-0.7672467231750488	2.285857677459717	-0.7232644557952881
1512060251638	-0.8918632864952087	2.302962064743042	-0.6475171446800232
1512060251658	-1.0335839986801147	2.305405378341675	-0.5791002511978149
1512060251678	-1.0653489828109741	2.2455406188964844	-0.5338962078094482
1512060251698	-1.026253581047058	2.1038198471069336	-0.49846604466438293
1512060251718	-0.9676105380058289	1.9901989698410034	-0.45814892649650574
1512060251738	-0.9529497623443604	1.8851301670074463	-0.3982841372489929
1512060251758	-0.9248499870300293	1.7690657377243042	-0.3323107063770294
1512060251778	-0.8686503767967224	1.6090190410614014	-0.26633724570274353
1512060251798	-0.8002334833145142	1.4257594347000122	-0.22357667982578278
1512060251818	-0.7428121566772461	1.2803735733032227	-0.2015855312347412
1512060251839	-0.7195992469787598	1.205847978591919	-0.21502456068992615
1512060251858	-0.6902777552604675	1.1728612184524536	-0.2223549485206604
1512060251878	-0.646295428276062	1.1410962343215942	-0.23335053026676178
1512060251898	-0.5998696684837341	1.076344609260559	-0.2382374405860901
1512060251919	-0.5803219676017761	1.0323622226715088	-0.25534167885780334
1512060251939	-0.6035348773002625	1.0323622226715088	-0.2687807083129883
1512060251958	-0.6145304441452026	1.0299187898635864	-0.27611109614372253
1512060251978	-0.5949827432632446	0.9993755221366882	-0.2834414839744568
1512060251998	-0.5644394755363464	0.921184778213501	-0.3078760802745819
1512060252018	-0.5522221922874451	0.9101892113685608	-0.3494149148464203
1512060252038	-0.5351179838180542	0.9395107626914978	-0.3433062732219696
1512060252058	-0.5192354321479797	0.9089674949645996	-0.3335324227809906
1512060252078	-0.5241223573684692	0.8710938692092896	-0.31031954288482666
1512060252098	-0.5143485069274902	0.8112290501594543	-0.30543261766433716
1512060252119	-0.4605923891067505	0.7525860071182251	-0.31520646810531616
1512060252138	-0.38117989897727966	0.7745771408081055	-0.3274237811565399
1512060252158	-0.30543261766433716	0.7770205736160278	-0.3017674386501312
1512060252178	-0.2528982162475586	0.6743952035903931	-0.2724458873271942
1512060252198	-0.17104226350784302	0.5473352670669556	-0.24068090319633484
1512060252218	-0.10506882518529892	0.49724429845809937	-0.2028072625398636
1512060252238	-0.06230825558304787	0.4801400899887085	-0.17470745742321014
1512060252258	-0.02932153269648552	0.4386012554168701	-0.16982053220272064
1512060252278	-0.021991148591041565	0.3604104816913605	-0.15271630883216858
1512060252298	-0.004886921960860491	0.28466320037841797	-0.1258382350206375
1512060252318	0.015882495790719986	0.2223549485206604	-0.10384709388017654
1512060252338	0.02687807008624077	0.16982053220272064	-0.08307767659425735
1512060252358	0.021991148591041565	0.11972958594560623	-0.06108652427792549
1512060252378	0.0	0.0	0.0
1512060252398	-0.009773843921720982	0.045204028487205505	-0.06352998316287994
1512060252418	0.0	0.0	0.0
1512060252439	-0.14049901068210602	0.05009094998240471	-0.04398229718208313
1512060252458	-0.1466076523065567	0.030543262138962746	-0.0403171069920063
1512060252478	-0.1722639948129654	0.0	-0.028099801391363144
1512060252498	-0.16982053220272064	-0.030543262138962746	-0.030543262138962746
1512060252518	-0.15271630883216858	-0.021991148591041565	-0.018325956538319588
1512060252538	-0.1368338167667389	0.0	-0.0012217304902151227
1512060252558	-0.1368338167667389	0.0	0.004886921960860491
1512060252578	-0.1062905490398407	0.03298672288656235	0.010995574295520782
1512060252598	-0.06475171446800232	0.04398229718208313	0.006108652334660292
1512060252618	-0.1014036312699318	0.08552113175392151	0.02932153269648552
1512060252638	-0.05497787147760391	0.05009094998240471	0.024434609338641167
1512060252659	-0.05864306539297104	0.045204028487205505	0.025656340643763542
1512060252679	-0.08307767659425735	0.0659734457731247	0.0354301854968071
1512060252698	-0.1014036312699318	0.03298672288656235	0.030543262138962746
1512060252718	-0.10506882518529892	0.0024434609804302454	0.036651913076639175
1512060252739	-0.04642575979232788	-0.019547687843441963	0.059864792972803116
1512060252758	0.0	0.0	0.0
1512060252778	-0.028099801391363144	-0.04764748737215996	0.05619960278272629
1512060252798	-0.02076941914856434	-0.045204028487205505	0.06108652427792549
1512060252818	-0.018325956538319588	-0.03420845419168472	0.06841690838336945
1512060252838	-0.025656340643763542	-0.05497787147760391	0.09285151958465576
1512060252858	-0.02076941914856434	-0.07941248267889023	0.10873401165008545
1512060252880	-0.015882495790719986	-0.08918632566928864	0.1014036312699318
1512060252898	-0.028099801391363144	-0.10506882518529892	0.1111774742603302
1512060252918	-0.01466076634824276	-0.08429940044879913	0.10506882518529892
1512060252938	-0.04153883829712868	-0.07941248267889023	0.10262536257505417
1512060252958	-0.05864306539297104	-0.09407325088977814	0.10873401165008545
1512060252978	-0.0403171069920063	-0.10384709388017654	0.10751228034496307
1512060252998	-0.01710422709584236	-0.1466076523065567	0.12095131725072861
