Trial:	Sub01SeatedPull_accelerometer_t1.txt
Phone/Tablet Model:	HUAWEI BLN-L24
Sensor Information
Name:	STMicroelectronics accelerometer-lis3dh
Maximum Range:	78.4532m/s²
Resolution:	0.009576807m/s²

Generated by SensorData, Version1.5.2
Author: Vipul Lugade
Email: SensorDataHelp@gmail.com
Website: www.matlabgeeks.com

Time	X	Y	Z
1512060475794	0.2298433631658554	2.3367409706115723	8.848969459533691
1512060475825	0.4213795065879822	2.3367409706115723	8.580819129943848
1512060475848	0.49799394607543945	2.451662540435791	8.580819129943848
1512060475876	0.3447650372982025	2.4899697303771973	8.542511940002441
1512060475903	0.49799394607543945	2.6815059185028076	8.848969459533691
1512060475934	0.38307225704193115	2.719813108444214	9.155426979064941
1512060475966	0.38307225704193115	2.873042106628418	9.078812599182129
1512060475989	0.2298433631658554	3.179499864578247	8.925583839416504
1512060476006	0.2298433631658554	3.2178070545196533	8.734047889709473
1512060476022	0.2298433631658554	3.179499864578247	8.236053466796875
1512060476041	0.26815059781074524	3.141192674636841	7.661445617675781
1512060476057	0.38307225704193115	2.9496564865112305	7.5848307609558105
1512060476071	0.5746083855628967	2.5665841102600098	8.044517517089844
1512060476114	0.5363011956214905	2.5665841102600098	8.810662269592285
1512060476128	0.4596867263317108	2.4899697303771973	8.96389102935791
1512060476143	0.07661445438861847	2.75812029838562	9.959878921508789
1512060476158	-0.7661445140838623	3.754108190536499	11.109095573425293
1512060476173	-0.038307227194309235	3.2561142444610596	9.500192642211914
1512060476188	0.8810662031173706	2.719813108444214	7.661445617675781
1512060476203	1.1109095811843872	2.4899697303771973	8.236053466796875
1512060476221	1.1492167711257935	2.2218191623687744	8.810662269592285
1512060476237	1.1875240802764893	2.2601263523101807	9.461885452270508
1512060476254	0.9959878921508789	2.719813108444214	9.576807022094727
1512060476277	1.3024457693099976	2.719813108444214	9.117119789123535
1512060476298	1.072602391242981	2.7964274883270264	8.465897560119629
1512060476318	0.3447650372982025	3.4093432426452637	7.8529815673828125
1512060476333	0.9959878921508789	3.2561142444610596	6.282385349273682
1512060476349	2.030282974243164	2.3367409706115723	7.010222434997559
1512060476364	1.0342950820922852	3.294421434402466	9.193734169006348
1512060476378	0.0	4.252102375030518	9.959878921508789
1512060476394	1.5322890281677246	2.5282769203186035	9.385271072387695
1512060476416	2.7964274883270264	3.026270866394043	10.036493301391602
1512060476435	2.9879636764526367	2.873042106628418	10.036493301391602
1512060476452	2.5282769203186035	3.026270866394043	9.385271072387695
1512060476466	1.9919757843017578	3.3710360527038574	8.925583839416504
1512060476485	1.7621324062347412	3.2561142444610596	8.312667846679688
1512060476505	1.5322890281677246	3.6391866207122803	7.967903137207031
1512060476525	1.5705963373184204	3.754108190536499	7.738059997558594
1512060476545	1.6089035272598267	3.8307228088378906	8.044517517089844
1512060476565	2.2218191623687744	3.6774938106536865	8.08282470703125
1512060476585	2.719813108444214	3.9456443786621094	7.010222434997559
1512060476605	3.141192674636841	5.171475887298584	4.022258758544922
1512060476625	3.754108190536499	5.5545477867126465	4.367023944854736
1512060476645	4.290409564971924	5.899312973022461	6.780379295349121
1512060476665	4.865017890930176	6.550535678863525	8.504204750061035
1512060476685	5.018246650695801	7.4316020011901855	7.086836814880371
1512060476705	5.439626216888428	7.891288757324219	5.631162166595459
1512060476726	4.788403511047363	8.389283180236816	6.090848922729492
1512060476745	3.9839515686035156	8.848969459533691	7.508216381072998
1512060476765	5.51624059677124	9.27034854888916	6.818686485290527
1512060476785	6.550535678863525	9.730035781860352	5.51624059677124
1512060476805	5.861005783081055	10.5344877243042	3.9839515686035156
1512060476825	4.63517427444458	11.070788383483887	2.873042106628418
1512060476845	3.754108190536499	11.377246856689453	2.030282974243164
1512060476865	4.213795185089111	11.262324333190918	1.8387469053268433
1512060476885	5.937620162963867	10.764330863952637	1.8770540952682495
1512060476905	5.899312973022461	10.41956615447998	3.7924153804779053
1512060476925	5.094861030578613	9.84495735168457	4.8267107009887695
1512060476945	4.750096321105957	8.887276649475098	4.290409564971924
1512060476965	5.286397457122803	8.35097599029541	1.723825216293335
1512060476985	5.4013190269470215	8.427590370178223	-0.3064578175544739
1512060477005	5.4013190269470215	8.772355079650879	-0.9959878921508789
1512060477025	4.63517427444458	8.734047889709473	0.38307225704193115
1512060477045	4.213795185089111	8.159439086914062	1.9153614044189453
1512060477065	4.9799394607543945	6.627150535583496	2.1068975925445557
1512060477085	5.324704647064209	6.588842868804932	0.6512228846549988
1512060477105	3.9456443786621094	7.1251444816589355	-0.038307227194309235
1512060477125	3.141192674636841	7.508216381072998	-0.49799394607543945
1512060477145	2.873042106628418	7.316680431365967	-1.1109095811843872
1512060477165	3.7924153804779053	6.818686485290527	-1.072602391242981
1512060477185	3.600879430770874	6.627150535583496	-0.19153612852096558
1512060477205	2.873042106628418	6.435614109039307	0.3064578175544739
1512060477225	2.298433542251587	6.512228488922119	-0.689530074596405
1512060477246	2.2218191623687744	6.818686485290527	-2.3367409706115723
1512060477265	2.604891538619995	7.1251444816589355	-2.6431987285614014
1512060477285	3.2178070545196533	6.933608055114746	-1.1109095811843872
1512060477305	3.5242648124694824	6.780379295349121	0.26815059781074524
1512060477325	3.754108190536499	7.010222434997559	-0.1149216815829277
1512060477345	3.5625722408294678	7.163451671600342	-1.1492167711257935
1512060477365	3.2561142444610596	7.163451671600342	-1.647210717201233
1512060477385	3.1028854846954346	7.201758861541748	-2.030282974243164
1512060477405	3.141192674636841	7.393294811248779	-2.145204782485962
1512060477425	3.141192674636841	7.738059997558594	-1.647210717201233
1512060477445	2.911349296569824	7.814674377441406	-0.727837324142456
1512060477465	2.75812029838562	7.814674377441406	-0.689530074596405
1512060477485	3.2561142444610596	8.044517517089844	-1.9153614044189453
1512060477505	2.9879636764526367	8.274360656738281	-2.873042106628418
1512060477525	2.3750481605529785	8.580819129943848	-2.2218191623687744
1512060477545	2.5665841102600098	8.734047889709473	-1.8770540952682495
1512060477565	3.064578056335449	8.65743350982666	-2.3367409706115723
1512060477585	2.1068975925445557	8.96389102935791	-2.298433542251587
1512060477605	1.4939818382263184	9.155426979064941	-1.9536685943603516
1512060477625	1.1875240802764893	9.346963882446289	-1.8770540952682495
1512060477645	1.455674648284912	9.576807022094727	-2.0685901641845703
1512060477665	2.4133553504943848	9.423578262329102	-2.183511972427368
1512060477685	2.183511972427368	9.27034854888916	-1.4939818382263184
1512060477705	1.9536685943603516	9.232041358947754	-1.2258312702178955
1512060477725	1.1875240802764893	9.308655738830566	-0.9576807022094727
1512060477745	1.455674648284912	9.500192642211914	-1.1109095811843872
1512060477765	1.5705963373184204	9.691728591918945	-1.647210717201233
1512060477785	1.4939818382263184	9.615114212036133	-1.4173674583435059
1512060477805	1.2641384601593018	9.423578262329102	-0.4596867263317108
1512060477825	1.647210717201233	9.615114212036133	0.038307227194309235
1512060477845	1.2641384601593018	10.189722061157227	-0.038307227194309235
1512060477865	1.8770540952682495	10.381258964538574	-1.2258312702178955
1512060477885	1.9919757843017578	10.687716484069824	-2.145204782485962
1512060477905	2.030282974243164	10.687716484069824	-2.6815059185028076
1512060477925	2.5282769203186035	10.764330863952637	-1.800439715385437
1512060477945	2.75812029838562	10.5344877243042	-0.15322890877723694
1512060477965	3.2561142444610596	10.228029251098633	1.1109095811843872
1512060477985	3.332728862762451	10.189722061157227	-0.38307225704193115
1512060478005	3.332728862762451	10.15141487121582	-1.0342950820922852
1512060478025	3.332728862762451	10.113107681274414	-0.6129156351089478
1512060478045	3.2561142444610596	9.730035781860352	-0.26815059781074524
1512060478065	2.604891538619995	9.27034854888916	0.2298433631658554
1512060478085	2.451662540435791	9.040505409240723	0.49799394607543945
1512060478105	2.6815059185028076	9.653421401977539	-0.3447650372982025
1512060478125	3.026270866394043	10.572794914245605	-1.4173674583435059
1512060478145	3.179499864578247	10.41956615447998	-1.2258312702178955
1512060478165	2.911349296569824	9.691728591918945	-0.038307227194309235
1512060478185	3.44765043258667	9.078812599182129	0.4213795065879822
1512060478205	3.2178070545196533	8.96389102935791	-0.15322890877723694
1512060478225	2.2218191623687744	8.925583839416504	-0.8044517636299133
1512060478245	2.1068975925445557	8.887276649475098	-1.9919757843017578
1512060478265	2.145204782485962	8.734047889709473	-2.604891538619995
1512060478285	2.6431987285614014	8.427590370178223	-1.800439715385437
1512060478305	3.1028854846954346	8.389283180236816	-1.3024457693099976
1512060478325	3.5242648124694824	8.772355079650879	-0.727837324142456
1512060478345	3.754108190536499	9.155426979064941	-0.1149216815829277
1512060478365	4.520252704620361	9.27034854888916	0.07661445438861847
1512060478385	4.596867084503174	9.615114212036133	-0.6512228846549988
1512060478405	4.290409564971924	9.53849983215332	-1.3024457693099976
1512060478425	3.5625722408294678	9.653421401977539	-1.1109095811843872
1512060478445	3.332728862762451	9.423578262329102	-0.07661445438861847
1512060478466	3.8307228088378906	9.308655738830566	0.2298433631658554
1512060478485	3.5625722408294678	9.27034854888916	0.38307225704193115
1512060478505	2.911349296569824	9.308655738830566	0.4596867263317108
1512060478525	3.485957622528076	9.53849983215332	0.3064578175544739
1512060478545	3.600879430770874	9.806650161743164	-0.3447650372982025
1512060478565	3.064578056335449	9.921571731567383	-1.800439715385437
1512060478585	2.3750481605529785	9.615114212036133	-2.451662540435791
1512060478605	2.4899697303771973	9.576807022094727	-2.1068975925445557
1512060478625	2.183511972427368	9.959878921508789	-0.9576807022094727
1512060478645	2.298433542251587	10.113107681274414	0.3064578175544739
1512060478665	2.5665841102600098	10.113107681274414	0.19153612852096558
1512060478685	2.5282769203186035	9.84495735168457	-0.727837324142456
1512060478705	1.7621324062347412	9.730035781860352	-0.8810662031173706
1512060478725	1.1109095811843872	9.84495735168457	-0.727837324142456
1512060478745	1.0342950820922852	9.385271072387695	-0.38307225704193115
1512060478765	2.3750481605529785	8.925583839416504	-0.6129156351089478
1512060478785	2.8347349166870117	8.925583839416504	-0.9576807022094727
1512060478805	1.2641384601593018	9.730035781860352	-1.1492167711257935
1512060478825	1.4173674583435059	10.074800491333008	-2.1068975925445557
1512060478845	0.9959878921508789	10.036493301391602	-1.723825216293335
1512060478865	3.026270866394043	9.27034854888916	-2.4899697303771973
1512060478885	2.9496564865112305	9.653421401977539	-1.1109095811843872
1512060478905	2.2218191623687744	10.687716484069824	0.038307227194309235
1512060478925	1.6089035272598267	10.687716484069824	-0.38307225704193115
1512060478945	2.0685901641845703	9.768342971801758	-1.4173674583435059
1512060478965	3.5625722408294678	9.155426979064941	-2.030282974243164
1512060478985	2.4899697303771973	9.691728591918945	-0.7661445140838623
1512060479005	2.298433542251587	9.768342971801758	-1.4173674583435059
1512060479025	1.2641384601593018	9.959878921508789	-2.719813108444214
1512060479045	0.4213795065879822	9.155426979064941	-2.5665841102600098
1512060479065	2.451662540435791	7.623138427734375	-1.2258312702178955
1512060479085	3.141192674636841	7.4316020011901855	1.5705963373184204
1512060479105	2.1068975925445557	7.738059997558594	2.9496564865112305
1512060479125	1.0342950820922852	7.738059997558594	1.4173674583435059
1512060479145	0.7661445140838623	7.6997528076171875	-0.49799394607543945
1512060479165	3.026270866394043	7.891288757324219	-2.0685901641845703
1512060479185	3.2178070545196533	8.542511940002441	-1.455674648284912
1512060479205	2.5665841102600098	8.65743350982666	-1.2641384601593018
1512060479225	2.145204782485962	8.580819129943848	-1.072602391242981
1512060479245	2.9496564865112305	8.274360656738281	-1.1109095811843872
1512060479265	4.32871675491333	8.312667846679688	-1.6089035272598267
1512060479285	4.137180328369141	8.619126319885254	-1.9919757843017578
1512060479305	3.907337188720703	8.772355079650879	-2.604891538619995
1512060479325	3.332728862762451	8.772355079650879	-2.145204782485962
1512060479345	3.8307228088378906	8.312667846679688	-1.7621324062347412
1512060479366	3.6774938106536865	8.312667846679688	-1.455674648284912
1512060479385	3.1028854846954346	8.772355079650879	-2.873042106628418
1512060479405	2.75812029838562	8.65743350982666	-3.026270866394043
1512060479425	2.604891538619995	8.427590370178223	-1.723825216293335
1512060479445	2.7964274883270264	8.08282470703125	-0.9193734526634216
1512060479465	2.451662540435791	8.236053466796875	-1.1109095811843872
1512060479485	2.451662540435791	8.389283180236816	-1.6089035272598267
1512060479505	2.6815059185028076	8.504204750061035	-1.800439715385437
1512060479525	2.719813108444214	8.580819129943848	-1.9153614044189453
1512060479545	2.75812029838562	8.580819129943848	-2.145204782485962
1512060479565	3.026270866394043	8.465897560119629	-2.298433542251587
1512060479585	2.873042106628418	8.159439086914062	-1.9919757843017578
1512060479605	2.6815059185028076	7.929595947265625	-1.5322890281677246
1512060479625	2.9879636764526367	8.044517517089844	-1.455674648284912
1512060479645	3.754108190536499	8.504204750061035	-2.0685901641845703
1512060479665	3.7924153804779053	8.504204750061035	-1.9536685943603516
1512060479685	3.4093432426452637	7.967903137207031	-2.0685901641845703
1512060479705	2.2218191623687744	7.623138427734375	-1.2258312702178955
1512060479725	2.030282974243164	7.5848307609558105	-0.15322890877723694
1512060479745	3.485957622528076	7.7763671875	-0.3064578175544739
1512060479765	4.213795185089111	7.967903137207031	-0.8810662031173706
1512060479785	3.2178070545196533	7.929595947265625	-0.9576807022094727
1512060479805	2.4133553504943848	7.738059997558594	-0.6129156351089478
1512060479825	2.6815059185028076	8.006210327148438	-0.9959878921508789
1512060479845	3.8307228088378906	8.887276649475098	-3.907337188720703
1512060479866	3.141192674636841	8.925583839416504	-4.367023944854736
1512060479885	1.8770540952682495	8.772355079650879	-2.145204782485962
1512060479905	1.723825216293335	8.887276649475098	-0.6129156351089478
1512060479925	2.719813108444214	9.385271072387695	-1.455674648284912
1512060479945	2.6815059185028076	9.84495735168457	-2.3367409706115723
1512060479965	3.026270866394043	9.653421401977539	-1.5705963373184204
1512060479985	4.060565948486328	9.308655738830566	0.6129156351089478
1512060480007	4.443638324737549	9.232041358947754	1.0342950820922852
1512060480025	4.520252704620361	9.423578262329102	-0.07661445438861847
1512060480045	4.367023944854736	9.730035781860352	-1.9536685943603516
1512060480065	3.600879430770874	9.883264541625977	-2.6815059185028076
1512060480085	3.44765043258667	9.730035781860352	-1.3407529592514038
1512060480105	3.5242648124694824	9.346963882446289	0.15322890877723694
1512060480126	2.911349296569824	9.423578262329102	0.3064578175544739
1512060480145	2.0685901641845703	9.53849983215332	-1.455674648284912
1512060480165	1.9536685943603516	10.113107681274414	-3.064578056335449
1512060480185	2.298433542251587	10.228029251098633	-2.6431987285614014
1512060480205	2.6431987285614014	10.41956615447998	-1.1875240802764893
1512060480225	3.6774938106536865	10.457873344421387	-0.5746083855628967
1512060480245	4.175487995147705	10.5344877243042	-0.38307225704193115
1512060480265	3.44765043258667	10.189722061157227	-0.5363011956214905
1512060480285	2.9496564865112305	9.768342971801758	-0.1149216815829277
1512060480305	3.179499864578247	9.576807022094727	1.455674648284912
1512060480333	3.4093432426452637	9.500192642211914	0.9576807022094727
1512060480347	3.869029998779297	9.385271072387695	0.38307225704193115
1512060480365	3.869029998779297	9.308655738830566	0.3064578175544739
1512060480385	3.9456443786621094	9.232041358947754	0.5746083855628967
1512060480407	4.022258758544922	8.96389102935791	0.4596867263317108
1512060480434	3.9456443786621094	8.580819129943848	0.6129156351089478
1512060480465	3.907337188720703	8.542511940002441	0.5746083855628967
1512060480487	4.137180328369141	8.810662269592285	0.38307225704193115
1512060480515	3.9456443786621094	9.308655738830566	-0.6129156351089478
1512060480549	3.2561142444610596	8.925583839416504	-0.3064578175544739
1512060480562	3.3710360527038574	8.504204750061035	0.6129156351089478
1512060480580	3.907337188720703	8.542511940002441	1.3407529592514038
1512060480614	4.098873138427734	9.193734169006348	0.8810662031173706
1512060480634	3.907337188720703	9.232041358947754	0.3447650372982025
1512060480650	3.4093432426452637	8.925583839416504	0.3447650372982025
1512060480675	3.5625722408294678	8.236053466796875	0.3447650372982025
1512060480693	3.44765043258667	8.159439086914062	0.3447650372982025
1512060480713	3.7924153804779053	8.504204750061035	0.4596867263317108
1512060480728	3.5625722408294678	8.695740699768066	0.0
1512060480743	3.294421434402466	8.465897560119629	-0.4213795065879822
1512060480761	3.869029998779297	8.006210327148438	-0.49799394607543945
1512060480776	4.175487995147705	7.891288757324219	0.0
1512060480791	4.481945514678955	8.810662269592285	0.07661445438861847
1512060480845	4.098873138427734	8.810662269592285	0.26815059781074524
1512060480858	3.485957622528076	8.236053466796875	0.8427590131759644
1512060480886	4.175487995147705	7.967903137207031	0.8044517636299133
1512060480907	4.6734819412231445	8.734047889709473	0.689530074596405
1512060480923	4.290409564971924	9.84495735168457	-0.2298433631658554
1512060480936	4.63517427444458	9.998186111450195	-0.8810662031173706
1512060480949	3.7158010005950928	9.346963882446289	-0.3447650372982025
1512060480964	4.098873138427734	8.35097599029541	0.0
1512060480980	3.907337188720703	8.734047889709473	0.49799394607543945
1512060480996	3.869029998779297	9.53849983215332	0.038307227194309235
1512060481010	4.252102375030518	10.72602367401123	-1.1492167711257935
1512060481024	4.060565948486328	10.611102104187012	-1.3024457693099976
1512060481039	3.754108190536499	9.730035781860352	-0.7661445140838623
1512060481053	3.869029998779297	8.772355079650879	-0.727837324142456
1512060481068	2.75812029838562	9.117119789123535	-0.3447650372982025
1512060481086	3.4093432426452637	10.074800491333008	-0.7661445140838623
1512060481105	4.060565948486328	10.802638053894043	-1.2641384601593018
1512060481125	3.5625722408294678	10.649409294128418	-1.1492167711257935
1512060481145	4.213795185089111	9.653421401977539	-1.6855180263519287
1512060481165	3.5625722408294678	9.308655738830566	-0.8044517636299133
1512060481185	4.520252704620361	10.074800491333008	1.3407529592514038
1512060481205	5.592854976654053	9.883264541625977	1.2641384601593018
1512060481225	3.3710360527038574	9.500192642211914	-1.5322890281677246
1512060481245	3.1028854846954346	9.078812599182129	-3.869029998779297
1512060481265	2.4899697303771973	9.232041358947754	-3.869029998779297
1512060481285	2.719813108444214	9.653421401977539	-1.6855180263519287
1512060481305	3.44765043258667	9.615114212036133	-1.2641384601593018
1512060481325	2.873042106628418	9.730035781860352	-2.298433542251587
1512060481345	2.4133553504943848	9.423578262329102	-3.4093432426452637
1512060481365	2.2601263523101807	9.078812599182129	-2.873042106628418
1512060481385	2.451662540435791	8.925583839416504	-1.3407529592514038
1512060481405	2.451662540435791	9.040505409240723	-1.4939818382263184
1512060481425	2.0685901641845703	9.040505409240723	-2.4899697303771973
1512060481445	2.183511972427368	8.96389102935791	-2.9496564865112305
1512060481465	2.719813108444214	8.848969459533691	-3.064578056335449
1512060481485	3.44765043258667	8.810662269592285	-1.723825216293335
1512060481505	3.5242648124694824	8.848969459533691	-0.5363011956214905
1512060481525	3.064578056335449	8.887276649475098	-0.8427590131759644
1512060481545	2.6431987285614014	9.040505409240723	-2.2601263523101807
1512060481565	3.141192674636841	8.772355079650879	-2.911349296569824
1512060481585	3.141192674636841	8.810662269592285	-1.4173674583435059
1512060481605	3.141192674636841	8.542511940002441	0.038307227194309235
1512060481625	2.604891538619995	8.465897560119629	-0.2298433631658554
1512060481645	1.8770540952682495	8.312667846679688	-1.3024457693099976
1512060481665	2.2218191623687744	8.08282470703125	-0.9576807022094727
1512060481685	2.719813108444214	7.967903137207031	0.4596867263317108
1512060481705	2.6815059185028076	7.738059997558594	0.6129156351089478
1512060481725	2.298433542251587	8.006210327148438	-0.4213795065879822
1512060481745	2.873042106628418	8.197746276855469	-1.5322890281677246
1512060481765	3.3710360527038574	8.504204750061035	-1.1109095811843872
1512060481785	3.4093432426452637	8.427590370178223	-0.26815059781074524
1512060481805	3.2561142444610596	8.580819129943848	0.3447650372982025
1512060481825	3.026270866394043	8.925583839416504	-0.5746083855628967
1512060481845	2.911349296569824	9.308655738830566	-2.298433542251587
1512060481865	2.75812029838562	9.27034854888916	-2.6431987285614014
1512060481885	2.4899697303771973	8.65743350982666	-0.9576807022094727
1512060481905	2.183511972427368	8.312667846679688	0.2298433631658554
1512060481925	2.0685901641845703	8.312667846679688	-0.3447650372982025
1512060481945	1.9536685943603516	8.274360656738281	-1.1875240802764893
1512060481965	1.7621324062347412	8.35097599029541	-1.2258312702178955
1512060481985	1.9153614044189453	8.35097599029541	-1.3024457693099976
1512060482005	2.5282769203186035	8.159439086914062	-1.5705963373184204
1512060482025	2.873042106628418	8.159439086914062	-1.5705963373184204
1512060482045	2.5665841102600098	8.274360656738281	-1.5322890281677246
1512060482065	2.145204782485962	8.389283180236816	-0.9576807022094727
1512060482085	2.2218191623687744	8.236053466796875	-0.9576807022094727
1512060482105	2.7964274883270264	8.312667846679688	-1.455674648284912
1512060482125	3.44765043258667	8.734047889709473	-2.911349296569824
1512060482145	2.873042106628418	8.580819129943848	-2.5665841102600098
1512060482165	2.3367409706115723	8.121131896972656	-0.8044517636299133
1512060482185	2.3750481605529785	7.7763671875	-0.3447650372982025
1512060482205	2.3367409706115723	7.814674377441406	-1.2258312702178955
1512060482225	2.5665841102600098	8.35097599029541	-1.8770540952682495
1512060482245	2.6815059185028076	8.772355079650879	-2.604891538619995
1512060482265	2.183511972427368	8.810662269592285	-3.332728862762451
1512060482285	1.5705963373184204	8.427590370178223	-2.2218191623687744
1512060482305	1.5705963373184204	7.967903137207031	-0.9576807022094727
1512060482325	2.298433542251587	8.006210327148438	-1.5705963373184204
1512060482345	2.6815059185028076	8.389283180236816	-2.2218191623687744
1512060482365	2.451662540435791	8.542511940002441	-1.723825216293335
1512060482385	1.647210717201233	8.65743350982666	-1.9919757843017578
1512060482405	1.455674648284912	8.887276649475098	-3.179499864578247
1512060482425	2.145204782485962	8.887276649475098	-3.2561142444610596
1512060482445	3.026270866394043	9.002198219299316	-2.3750481605529785
1512060482465	2.7964274883270264	9.346963882446289	-0.727837324142456
1512060482485	2.6815059185028076	9.768342971801758	-0.6129156351089478
1512060482506	2.7964274883270264	10.036493301391602	-2.3750481605529785
1512060482525	3.5242648124694824	10.802638053894043	-3.9456443786621094
1512060482545	4.711789131164551	11.30063247680664	-3.179499864578247
1512060482565	3.4093432426452637	10.457873344421387	-0.1149216815829277
1512060482586	1.8770540952682495	9.193734169006348	2.2218191623687744
1512060482605	2.0685901641845703	9.576807022094727	-0.727837324142456
1512060482625	2.3367409706115723	10.802638053894043	-4.252102375030518
1512060482645	2.6815059185028076	10.802638053894043	-2.719813108444214
1512060482665	2.604891538619995	9.998186111450195	1.2258312702178955
1512060482685	1.9919757843017578	9.730035781860352	2.4133553504943848
1512060482705	2.4899697303771973	9.653421401977539	1.0342950820922852
1512060482725	2.719813108444214	10.113107681274414	-0.6512228846549988
1512060482745	2.719813108444214	10.189722061157227	-0.8044517636299133
1512060482765	3.332728862762451	10.074800491333008	-0.6129156351089478
1512060482786	3.5625722408294678	10.15141487121582	-0.4213795065879822
1512060482805	3.869029998779297	10.15141487121582	-0.15322890877723694
1512060482825	3.4093432426452637	9.691728591918945	0.07661445438861847
1512060482845	3.026270866394043	9.576807022094727	-0.5363011956214905
1512060482865	2.9496564865112305	9.461885452270508	-0.8810662031173706
1512060482885	3.141192674636841	9.155426979064941	-0.6129156351089478
1512060482905	2.5665841102600098	8.772355079650879	0.038307227194309235
1512060482925	1.800439715385437	8.619126319885254	-0.15322890877723694
1512060482945	2.5282769203186035	8.504204750061035	-0.727837324142456
1512060482965	3.8307228088378906	8.734047889709473	-0.8044517636299133
1512060482985	4.175487995147705	9.040505409240723	-1.455674648284912
1512060483005	3.179499864578247	9.078812599182129	-1.6089035272598267
1512060483025	3.064578056335449	9.078812599182129	-0.9576807022094727
1512060483045	3.7158010005950928	8.848969459533691	-0.038307227194309235
1512060483065	3.600879430770874	9.768342971801758	-1.0342950820922852
1512060483085	3.44765043258667	9.921571731567383	-1.6855180263519287
1512060483105	3.600879430770874	9.155426979064941	-1.6089035272598267
1512060483125	4.060565948486328	8.312667846679688	-0.9959878921508789
1512060483145	4.022258758544922	8.236053466796875	0.038307227194309235
1512060483165	3.869029998779297	8.848969459533691	0.4213795065879822
1512060483185	3.7924153804779053	9.078812599182129	0.19153612852096558
1512060483205	3.9456443786621094	8.734047889709473	0.26815059781074524
1512060483225	4.443638324737549	8.197746276855469	0.4213795065879822
1512060483245	2.9496564865112305	8.96389102935791	0.9193734526634216
1512060483265	3.294421434402466	9.768342971801758	1.0342950820922852
1512060483285	3.141192674636841	10.304644584655762	1.3024457693099976
1512060483305	2.9879636764526367	10.036493301391602	0.5363011956214905
1512060483325	2.2601263523101807	9.883264541625977	-1.3024457693099976
1512060483345	1.800439715385437	9.768342971801758	-2.145204782485962
1512060483365	2.030282974243164	9.806650161743164	-1.1875240802764893
1512060483385	2.0685901641845703	10.074800491333008	-0.3447650372982025
1512060483405	3.869029998779297	9.500192642211914	-1.2641384601593018
1512060483425	3.332728862762451	9.155426979064941	-1.7621324062347412
1512060483445	2.145204782485962	9.193734169006348	-1.1492167711257935
1512060483465	2.3750481605529785	9.806650161743164	-0.3447650372982025
1512060483485	2.8347349166870117	10.113107681274414	-0.8427590131759644
1512060483505	3.869029998779297	9.806650161743164	-2.7964274883270264
1512060483525	3.332728862762451	9.423578262329102	-1.723825216293335
1512060483545	2.604891538619995	9.806650161743164	-0.4596867263317108
1512060483565	2.604891538619995	10.266336441040039	-0.5363011956214905
1512060483585	3.6391866207122803	10.15141487121582	-1.072602391242981
1512060483605	4.6734819412231445	9.653421401977539	0.3447650372982025
1512060483625	3.754108190536499	9.691728591918945	1.4939818382263184
1512060483645	2.1068975925445557	10.342951774597168	-2.145204782485962
1512060483665	1.1875240802764893	10.84094524383545	-5.4013190269470215
1512060483685	2.183511972427368	10.228029251098633	-4.32871675491333
1512060483705	3.141192674636841	9.423578262329102	-0.9576807022094727
1512060483725	2.6431987285614014	9.346963882446289	1.2258312702178955
1512060483745	1.800439715385437	9.385271072387695	0.19153612852096558
1512060483765	0.8427590131759644	9.883264541625977	-1.8770540952682495
1512060483785	2.1068975925445557	9.500192642211914	-3.485957622528076
1512060483805	3.869029998779297	8.887276649475098	-1.072602391242981
1512060483825	3.485957622528076	8.772355079650879	1.723825216293335
1512060483845	2.145204782485962	9.117119789123535	-0.6512228846549988
1512060483865	1.3407529592514038	9.308655738830566	-3.064578056335449
1512060483885	2.1068975925445557	8.619126319885254	-2.75812029838562
1512060483905	2.911349296569824	8.65743350982666	-3.141192674636841
1512060483925	2.2218191623687744	9.193734169006348	-3.332728862762451
1512060483945	2.4133553504943848	9.193734169006348	-1.6089035272598267
1512060483965	2.145204782485962	9.002198219299316	-0.6512228846549988
1512060483985	2.183511972427368	8.96389102935791	-3.179499864578247
1512060484005	2.2601263523101807	8.925583839416504	-3.332728862762451
1512060484025	1.9536685943603516	9.078812599182129	-1.647210717201233
1512060484045	2.6815059185028076	8.887276649475098	-2.2601263523101807
1512060484065	2.9496564865112305	8.504204750061035	-3.2178070545196533
1512060484085	2.4899697303771973	8.197746276855469	-3.44765043258667
1512060484106	2.4899697303771973	7.967903137207031	-2.719813108444214
1512060484125	3.026270866394043	7.891288757324219	-1.647210717201233
1512060484145	2.8347349166870117	8.08282470703125	-1.2641384601593018
1512060484165	2.451662540435791	8.08282470703125	-1.3024457693099976
1512060484185	2.0685901641845703	8.121131896972656	-1.7621324062347412
1512060484205	2.1068975925445557	8.044517517089844	-1.9536685943603516
1512060484225	2.030282974243164	8.044517517089844	-1.800439715385437
1512060484245	1.723825216293335	7.891288757324219	-1.2641384601593018
1512060484265	1.455674648284912	8.08282470703125	-1.723825216293335
1512060484285	1.6855180263519287	8.465897560119629	-2.2601263523101807
1512060484305	2.030282974243164	8.465897560119629	-1.9153614044189453
1512060484325	1.800439715385437	8.35097599029541	-1.4173674583435059
1512060484345	1.5705963373184204	8.274360656738281	-1.1492167711257935
1512060484365	1.800439715385437	8.35097599029541	-1.5322890281677246
1512060484385	1.9153614044189453	8.389283180236816	-1.9919757843017578
1512060484405	2.0685901641845703	8.312667846679688	-2.0685901641845703
1512060484425	2.3367409706115723	8.35097599029541	-2.0685901641845703
1512060484445	2.183511972427368	8.274360656738281	-1.647210717201233
1512060484465	2.298433542251587	8.236053466796875	-1.647210717201233
1512060484485	2.6815059185028076	8.427590370178223	-1.7621324062347412
1512060484505	3.141192674636841	8.619126319885254	-1.9919757843017578
1512060484525	3.026270866394043	8.695740699768066	-2.2218191623687744
1512060484545	2.451662540435791	8.542511940002441	-2.2218191623687744
1512060484565	2.145204782485962	8.274360656738281	-1.8387469053268433
1512060484585	2.3750481605529785	8.427590370178223	-1.37906014919281
1512060484605	3.179499864578247	8.65743350982666	-1.0342950820922852
1512060484625	3.141192674636841	8.772355079650879	-1.6089035272598267
1512060484645	2.2218191623687744	8.695740699768066	-1.8770540952682495
1512060484665	1.8770540952682495	8.580819129943848	-0.8810662031173706
1512060484685	2.9879636764526367	8.389283180236816	0.038307227194309235
1512060484705	3.179499864578247	8.580819129943848	-0.5363011956214905
1512060484725	2.4133553504943848	8.695740699768066	-1.072602391242981
1512060484745	1.800439715385437	8.580819129943848	-0.4596867263317108
1512060484765	2.298433542251587	8.65743350982666	-0.26815059781074524
1512060484785	2.9496564865112305	8.695740699768066	-0.9959878921508789
1512060484805	1.1875240802764893	9.308655738830566	-1.2641384601593018
1512060484825	0.727837324142456	9.730035781860352	-1.37906014919281
1512060484845	1.8770540952682495	9.653421401977539	-2.145204782485962
1512060484865	2.451662540435791	9.53849983215332	-3.4093432426452637
1512060484885	0.8044517636299133	9.883264541625977	-4.022258758544922
1512060484905	0.7661445140838623	9.921571731567383	-3.7924153804779053
1512060484925	1.8387469053268433	9.615114212036133	-2.604891538619995
1512060484945	2.604891538619995	9.500192642211914	-0.6512228846549988
1512060484965	3.064578056335449	9.308655738830566	-0.49799394607543945
1512060484985	2.719813108444214	9.691728591918945	-1.2641384601593018
1512060485006	2.4133553504943848	9.730035781860352	-1.6855180263519287
1512060485025	3.064578056335449	10.036493301391602	-0.9193734526634216
1512060485045	3.8307228088378906	9.998186111450195	-0.4596867263317108
1512060485065	3.4093432426452637	9.998186111450195	-1.1875240802764893
1512060485085	2.5282769203186035	9.768342971801758	-2.030282974243164
1512060485105	2.4899697303771973	9.53849983215332	-1.1109095811843872
1512060485125	2.9496564865112305	9.232041358947754	0.15322890877723694
1512060485145	2.9496564865112305	9.500192642211914	0.9959878921508789
1512060485165	2.4133553504943848	9.768342971801758	-0.07661445438861847
1512060485185	2.145204782485962	9.806650161743164	-1.8770540952682495
1512060485205	2.4899697303771973	9.730035781860352	-1.723825216293335
1512060485225	3.064578056335449	9.730035781860352	-0.26815059781074524
1512060485245	3.907337188720703	10.113107681274414	0.6512228846549988
1512060485265	3.7158010005950928	10.381258964538574	-0.9193734526634216
1512060485285	2.5665841102600098	10.189722061157227	-3.026270866394043
1512060485305	3.1028854846954346	9.691728591918945	-3.600879430770874
1512060485325	3.7924153804779053	9.959878921508789	-3.7924153804779053
1512060485345	4.520252704620361	9.883264541625977	-1.8387469053268433
1512060485365	3.7158010005950928	9.500192642211914	0.3064578175544739
1512060485385	2.719813108444214	8.810662269592285	0.1149216815829277
1512060485405	1.9153614044189453	8.121131896972656	-0.19153612852096558
1512060485425	2.4133553504943848	8.159439086914062	0.0
1512060485445	2.9496564865112305	8.580819129943848	-0.49799394607543945
1512060485465	2.873042106628418	8.695740699768066	-1.1875240802764893
1512060485485	3.179499864578247	8.619126319885254	-0.7661445140838623
1512060485505	3.332728862762451	9.002198219299316	-0.6512228846549988
1512060485525	4.213795185089111	9.117119789123535	-1.1492167711257935
1512060485545	5.056553840637207	9.691728591918945	-1.1875240802764893
1512060485565	5.70777702331543	10.036493301391602	-2.0685901641845703
1512060485585	5.094861030578613	9.84495735168457	-2.4899697303771973
1512060485605	3.9839515686035156	9.193734169006348	-2.2601263523101807
1512060485625	3.2178070545196533	8.197746276855469	-1.072602391242981
1512060485645	3.141192674636841	7.738059997558594	0.19153612852096558
1512060485665	2.9496564865112305	8.465897560119629	0.15322890877723694
1512060485685	3.5625722408294678	9.078812599182129	-1.4173674583435059
1512060485705	3.179499864578247	9.117119789123535	-1.9536685943603516
1512060485725	2.7964274883270264	9.040505409240723	-2.183511972427368
1512060485745	4.137180328369141	8.96389102935791	-1.4173674583435059
1512060485765	4.252102375030518	9.691728591918945	-0.1149216815829277
1512060485785	3.5242648124694824	10.036493301391602	-1.1109095811843872
1512060485805	1.3407529592514038	9.500192642211914	-2.451662540435791
1512060485825	3.1028854846954346	8.465897560119629	-2.1068975925445557
1512060485845	3.6391866207122803	8.504204750061035	-1.3407529592514038
1512060485865	2.7964274883270264	9.691728591918945	-0.6512228846549988
1512060485885	3.44765043258667	9.959878921508789	-1.37906014919281
1512060485906	2.4899697303771973	9.883264541625977	-2.298433542251587
1512060485925	3.907337188720703	8.887276649475098	-2.4133553504943848
1512060485945	3.3710360527038574	9.423578262329102	-0.5746083855628967
1512060485965	3.6391866207122803	10.266336441040039	-0.727837324142456
1512060485985	3.7158010005950928	10.342951774597168	-1.5705963373184204
1512060486005	2.3367409706115723	9.730035781860352	-1.2258312702178955
1512060486025	3.5625722408294678	8.35097599029541	-0.038307227194309235
1512060486045	4.137180328369141	8.312667846679688	0.6129156351089478
1512060486065	3.294421434402466	9.806650161743164	-0.727837324142456
1512060486085	3.4093432426452637	10.342951774597168	-3.064578056335449
1512060486105	2.183511972427368	10.189722061157227	-2.911349296569824
1512060486125	3.1028854846954346	9.002198219299316	-1.4173674583435059
1512060486145	4.367023944854736	8.504204750061035	0.9576807022094727
1512060486165	3.332728862762451	9.653421401977539	-0.38307225704193115
1512060486185	3.1028854846954346	10.113107681274414	-3.5625722408294678
1512060486205	2.2218191623687744	9.959878921508789	-3.294421434402466
1512060486225	2.4133553504943848	9.002198219299316	-1.1492167711257935
1512060486245	3.7158010005950928	8.619126319885254	0.49799394607543945
1512060486265	3.179499864578247	9.730035781860352	-1.2641384601593018
1512060486285	2.5282769203186035	9.921571731567383	-2.873042106628418
1512060486305	1.723825216293335	9.576807022094727	-2.6815059185028076
1512060486325	2.5665841102600098	8.848969459533691	-1.8770540952682495
1512060486345	2.7964274883270264	8.848969459533691	-0.26815059781074524
1512060486365	2.183511972427368	9.27034854888916	-0.7661445140838623
1512060486385	1.3407529592514038	9.500192642211914	-2.604891538619995
1512060486405	0.8810662031173706	9.423578262329102	-3.1028854846954346
1512060486425	1.3407529592514038	9.232041358947754	-2.7964274883270264
1512060486445	2.2601263523101807	8.925583839416504	-0.3064578175544739
1512060486465	2.4899697303771973	8.810662269592285	1.1492167711257935
1512060486485	1.9919757843017578	8.848969459533691	0.3064578175544739
1512060486505	1.9536685943603516	8.848969459533691	-1.2258312702178955
1512060486525	2.75812029838562	8.542511940002441	-2.6815059185028076
1512060486545	2.5665841102600098	8.465897560119629	-2.75812029838562
1512060486565	2.6815059185028076	8.236053466796875	-1.9536685943603516
1512060486585	3.141192674636841	8.044517517089844	-1.1875240802764893
1512060486605	3.332728862762451	7.929595947265625	-0.8810662031173706
1512060486625	2.7964274883270264	7.7763671875	-1.9536685943603516
1512060486645	2.719813108444214	7.929595947265625	-3.026270866394043
1512060486665	2.7964274883270264	8.427590370178223	-2.8347349166870117
1512060486685	2.8347349166870117	8.504204750061035	-1.455674648284912
1512060486705	2.2218191623687744	8.121131896972656	0.3064578175544739
1512060486725	1.6089035272598267	8.274360656738281	0.038307227194309235
1512060486745	2.030282974243164	8.772355079650879	-1.0342950820922852
1512060486765	2.5282769203186035	8.96389102935791	-1.455674648284912
1512060486785	2.5282769203186035	8.925583839416504	-1.455674648284912
1512060486806	2.3367409706115723	8.810662269592285	-1.723825216293335
1512060486825	2.2601263523101807	8.848969459533691	-1.800439715385437
1512060486845	2.4899697303771973	8.619126319885254	-1.5705963373184204
1512060486865	2.298433542251587	8.542511940002441	-1.6855180263519287
1512060486885	2.4133553504943848	8.542511940002441	-1.7621324062347412
1512060486905	2.7964274883270264	8.236053466796875	-1.7621324062347412
1512060486925	2.9496564865112305	8.121131896972656	-1.8770540952682495
1512060486945	2.911349296569824	8.121131896972656	-1.8387469053268433
1512060486965	2.2218191623687744	8.197746276855469	-1.4939818382263184
1512060486985	1.9536685943603516	8.159439086914062	-2.2601263523101807
1512060487005	2.6815059185028076	8.121131896972656	-2.298433542251587
1512060487025	3.5625722408294678	8.121131896972656	-1.9153614044189453
1512060487047	2.8347349166870117	8.465897560119629	-1.2258312702178955
1512060487074	2.2218191623687744	8.542511940002441	-0.6512228846549988
1512060487111	2.2218191623687744	8.695740699768066	-1.1492167711257935
1512060487148	4.32871675491333	8.236053466796875	-1.9536685943603516
1512060487179	4.941632270812988	8.427590370178223	-1.9153614044189453
1512060487219	3.064578056335449	8.695740699768066	-0.8810662031173706
1512060487258	1.2258312702178955	8.619126319885254	-0.7661445140838623
1512060487286	1.2258312702178955	8.006210327148438	-2.873042106628418
1512060487305	2.911349296569824	7.967903137207031	-1.723825216293335
1512060487324	2.75812029838562	8.772355079650879	-0.5363011956214905
1512060487341	0.6512228846549988	9.691728591918945	-1.647210717201233
1512060487356	0.38307225704193115	9.921571731567383	-3.1028854846954346
1512060487371	2.2601263523101807	9.730035781860352	-1.6855180263519287
1512060487387	2.8347349166870117	9.500192642211914	1.7621324062347412
1512060487405	3.754108190536499	9.232041358947754	1.8387469053268433
1512060487420	2.911349296569824	9.346963882446289	-0.8427590131759644
1512060487436	0.9959878921508789	9.53849983215332	-1.9919757843017578
1512060487456	1.072602391242981	9.53849983215332	-0.689530074596405
1512060487475	1.9919757843017578	9.576807022094727	-0.727837324142456
1512060487492	2.3367409706115723	9.691728591918945	-1.072602391242981
1512060487508	2.4133553504943848	9.308655738830566	-1.0342950820922852
1512060487537	2.8347349166870117	8.887276649475098	-0.26815059781074524
1512060487557	2.5665841102600098	9.155426979064941	0.8044517636299133
1512060487581	2.719813108444214	9.576807022094727	0.4213795065879822
1512060487610	3.5242648124694824	10.036493301391602	-1.5705963373184204
1512060487646	3.5625722408294678	10.72602367401123	-2.2601263523101807
1512060487662	3.141192674636841	10.802638053894043	-1.3024457693099976
1512060487676	2.75812029838562	10.496180534362793	-0.3447650372982025
1512060487694	2.7964274883270264	10.266336441040039	-0.8044517636299133
1512060487710	2.911349296569824	10.304644584655762	-1.6855180263519287
1512060487727	2.451662540435791	10.879252433776855	-3.44765043258667
1512060487745	2.4133553504943848	10.496180534362793	-2.5282769203186035
1512060487759	2.9496564865112305	9.730035781860352	-0.9193734526634216
1512060487775	2.6815059185028076	9.193734169006348	-0.38307225704193115
1512060487790	2.4899697303771973	9.117119789123535	-0.9576807022094727
1512060487805	2.873042106628418	9.232041358947754	-1.455674648284912
1512060487822	3.485957622528076	8.925583839416504	-1.2641384601593018
1512060487835	3.141192674636841	8.580819129943848	0.3447650372982025
1512060487849	2.9879636764526367	8.465897560119629	0.5746083855628967
1512060487863	2.9496564865112305	8.695740699768066	-0.4213795065879822
1512060487877	3.754108190536499	8.925583839416504	-1.9153614044189453
1512060487892	3.5625722408294678	9.155426979064941	-1.5322890281677246
1512060487905	3.907337188720703	8.96389102935791	0.3064578175544739
1512060487919	4.290409564971924	8.772355079650879	1.3407529592514038
1512060487932	4.711789131164551	9.155426979064941	0.1149216815829277
1512060487945	4.6734819412231445	9.423578262329102	-1.455674648284912
1512060487965	4.252102375030518	9.423578262329102	-2.030282974243164
1512060487985	4.137180328369141	8.925583839416504	-1.3024457693099976
1512060488005	4.290409564971924	8.236053466796875	-0.2298433631658554
1512060488025	4.788403511047363	8.121131896972656	-0.1149216815829277
1512060488045	4.750096321105957	8.580819129943848	-0.9193734526634216
1512060488065	4.175487995147705	8.887276649475098	-1.723825216293335
1512060488085	2.9496564865112305	8.96389102935791	-1.37906014919281
1512060488105	3.4093432426452637	8.96389102935791	0.5363011956214905
1512060488125	4.022258758544922	9.193734169006348	0.727837324142456
1512060488145	3.5242648124694824	9.691728591918945	-0.5746083855628967
1512060488165	3.294421434402466	10.036493301391602	-2.4899697303771973
1512060488185	3.869029998779297	9.730035781860352	-2.9496564865112305
1512060488205	4.175487995147705	9.423578262329102	-1.455674648284912
1512060488225	3.869029998779297	9.308655738830566	-0.15322890877723694
1512060488245	3.600879430770874	9.308655738830566	-0.1149216815829277
1512060488265	3.1028854846954346	9.232041358947754	-0.689530074596405
1512060488285	3.754108190536499	8.925583839416504	-1.7621324062347412
1512060488305	4.443638324737549	8.619126319885254	-1.37906014919281
1512060488325	3.907337188720703	8.65743350982666	0.3447650372982025
1512060488345	3.6391866207122803	9.078812599182129	0.8810662031173706
1512060488365	3.179499864578247	9.461885452270508	-0.6129156351089478
1512060488385	2.8347349166870117	9.423578262329102	-2.451662540435791
1512060488405	3.026270866394043	8.925583839416504	-3.600879430770874
1512060488425	2.8347349166870117	8.887276649475098	-1.37906014919281
1512060488446	3.2178070545196533	8.925583839416504	0.1149216815829277
1512060488465	2.2218191623687744	9.002198219299316	-0.8044517636299133
1512060488485	2.4133553504943848	9.232041358947754	-1.723825216293335
1512060488505	3.141192674636841	9.730035781860352	-1.6855180263519287
1512060488525	4.098873138427734	10.611102104187012	-0.689530074596405
1512060488545	4.9799394607543945	10.41956615447998	0.26815059781074524
1512060488565	4.175487995147705	10.036493301391602	0.2298433631658554
1512060488585	3.5625722408294678	9.691728591918945	-1.455674648284912
1512060488605	3.7158010005950928	9.806650161743164	-2.75812029838562
1512060488625	4.098873138427734	10.113107681274414	-2.2218191623687744
1512060488645	4.32871675491333	10.036493301391602	0.1149216815829277
1512060488665	3.9839515686035156	9.576807022094727	1.3407529592514038
1512060488685	4.137180328369141	9.155426979064941	0.19153612852096558
1512060488705	4.290409564971924	9.27034854888916	-1.2258312702178955
1512060488725	3.9456443786621094	9.461885452270508	-1.5705963373184204
1512060488745	3.907337188720703	9.346963882446289	-0.26815059781074524
1512060488765	3.907337188720703	8.925583839416504	0.9959878921508789
1512060488785	3.6391866207122803	8.580819129943848	0.689530074596405
1512060488805	3.026270866394043	8.580819129943848	-0.038307227194309235
1512060488825	2.4899697303771973	8.810662269592285	-0.7661445140838623
1512060488845	2.719813108444214	8.734047889709473	-1.800439715385437
1512060488865	2.7964274883270264	8.504204750061035	-1.5322890281677246
1512060488885	2.911349296569824	8.312667846679688	-1.1492167711257935
1512060488905	3.2561142444610596	8.08282470703125	-1.1109095811843872
1512060488925	3.179499864578247	8.159439086914062	-1.4939818382263184
1512060488945	3.2178070545196533	8.006210327148438	-1.723825216293335
1512060488965	3.1028854846954346	8.08282470703125	-1.455674648284912
1512060488985	3.485957622528076	8.044517517089844	-1.072602391242981
1512060489005	3.6774938106536865	8.159439086914062	-1.1492167711257935
1512060489025	3.179499864578247	8.121131896972656	-1.455674648284912
1512060489045	2.911349296569824	8.08282470703125	-1.3407529592514038
1512060489065	2.873042106628418	7.967903137207031	-1.0342950820922852
1512060489085	3.064578056335449	7.738059997558594	-0.727837324142456
1512060489105	3.1028854846954346	7.738059997558594	-0.8044517636299133
1512060489125	3.1028854846954346	7.8529815673828125	-1.0342950820922852
1512060489145	2.9879636764526367	8.159439086914062	-1.455674648284912
1512060489165	2.8347349166870117	8.427590370178223	-1.8770540952682495
1512060489185	2.3367409706115723	8.542511940002441	-1.8387469053268433
1512060489205	2.145204782485962	8.465897560119629	-1.8770540952682495
1512060489225	2.0685901641845703	8.65743350982666	-1.8770540952682495
1512060489245	2.2601263523101807	8.695740699768066	-2.030282974243164
1512060489265	2.2218191623687744	8.887276649475098	-1.9919757843017578
1512060489285	2.2218191623687744	9.040505409240723	-2.1068975925445557
1512060489305	2.298433542251587	9.117119789123535	-2.030282974243164
1512060489325	2.4899697303771973	9.040505409240723	-1.647210717201233
1512060489345	2.8347349166870117	9.117119789123535	-1.1875240802764893
1512060489365	3.3710360527038574	9.078812599182129	-1.3024457693099976
1512060489385	3.5242648124694824	9.078812599182129	-1.5322890281677246
1512060489405	3.5625722408294678	8.96389102935791	-1.4173674583435059
1512060489425	4.022258758544922	8.96389102935791	-0.9193734526634216
1512060489445	5.20978307723999	8.887276649475098	-0.3447650372982025
1512060489465	4.903325080871582	8.96389102935791	-0.9576807022094727
1512060489485	2.6815059185028076	8.65743350982666	-2.3750481605529785
1512060489505	2.3367409706115723	8.236053466796875	-1.647210717201233
1512060489525	2.873042106628418	7.814674377441406	-1.1875240802764893
1512060489545	2.8347349166870117	7.6997528076171875	-2.145204782485962
1512060489565	1.9919757843017578	7.623138427734375	-2.2218191623687744
1512060489585	0.8044517636299133	7.5848307609558105	-1.723825216293335
1512060489605	1.072602391242981	7.623138427734375	-1.9536685943603516
1512060489625	2.3367409706115723	7.5848307609558105	-2.1068975925445557
1512060489645	3.026270866394043	7.814674377441406	-1.9536685943603516
1512060489665	2.2601263523101807	8.35097599029541	-1.9919757843017578
1512060489685	0.8427590131759644	8.65743350982666	-1.455674648284912
1512060489705	0.3447650372982025	8.887276649475098	-0.9193734526634216
1512060489725	1.4173674583435059	9.117119789123535	-1.4173674583435059
1512060489745	3.179499864578247	9.615114212036133	-1.8387469053268433
1512060489767	3.5242648124694824	9.998186111450195	-1.1875240802764893
1512060489785	2.604891538619995	9.768342971801758	-0.5363011956214905
1512060489806	1.3407529592514038	9.27034854888916	-1.1492167711257935
1512060489825	1.455674648284912	8.925583839416504	-2.5282769203186035
1512060489845	1.8770540952682495	9.308655738830566	-2.298433542251587
1512060489865	1.6089035272598267	9.461885452270508	-1.3024457693099976
1512060489885	0.9576807022094727	9.53849983215332	-0.689530074596405
1512060489905	0.49799394607543945	9.500192642211914	-1.8770540952682495
1512060489925	0.49799394607543945	9.84495735168457	-2.6431987285614014
1512060489945	2.3750481605529785	10.228029251098633	-1.7621324062347412
1512060489965	2.604891538619995	10.496180534362793	-1.0342950820922852
1512060489985	2.604891538619995	10.15141487121582	-0.8427590131759644
1512060490005	2.3367409706115723	9.806650161743164	-0.689530074596405
1512060490025	2.3367409706115723	10.036493301391602	-0.8044517636299133
1512060490045	3.179499864578247	10.266336441040039	-0.8810662031173706
1512060490065	3.179499864578247	10.113107681274414	-0.3447650372982025
1512060490085	2.8347349166870117	9.883264541625977	-0.5746083855628967
1512060490105	2.911349296569824	10.074800491333008	-0.49799394607543945
1512060490126	3.6391866207122803	10.228029251098633	-0.4213795065879822
1512060490145	3.332728862762451	10.41956615447998	-0.49799394607543945
1512060490165	3.064578056335449	9.883264541625977	-0.689530074596405
1512060490185	2.3367409706115723	9.27034854888916	-0.4596867263317108
1512060490205	2.0685901641845703	9.193734169006348	-0.26815059781074524
1512060490225	2.5282769203186035	9.461885452270508	-0.8044517636299133
1512060490245	3.1028854846954346	9.691728591918945	-0.727837324142456
1512060490265	3.4093432426452637	9.423578262329102	0.0
1512060490285	3.2561142444610596	8.96389102935791	0.38307225704193115
1512060490305	2.8347349166870117	8.580819129943848	0.4213795065879822
1512060490325	2.75812029838562	9.078812599182129	0.49799394607543945
1512060490345	3.2561142444610596	9.078812599182129	-0.038307227194309235
1512060490365	3.1028854846954346	9.232041358947754	-0.3447650372982025
1512060490385	2.8347349166870117	9.423578262329102	-0.8044517636299133
1512060490405	2.4899697303771973	9.078812599182129	-0.49799394607543945
1512060490425	2.75812029838562	9.040505409240723	0.3064578175544739
1512060490445	3.44765043258667	9.155426979064941	0.26815059781074524
1512060490465	4.290409564971924	9.576807022094727	-0.6512228846549988
1512060490485	4.022258758544922	9.806650161743164	-1.455674648284912
1512060490505	3.332728862762451	9.53849983215332	-1.1109095811843872
1512060490525	3.141192674636841	9.002198219299316	-0.07661445438861847
1512060490545	3.5242648124694824	8.504204750061035	0.8044517636299133
1512060490565	3.7158010005950928	8.734047889709473	0.6129156351089478
1512060490585	2.9879636764526367	9.193734169006348	-0.1149216815829277
1512060490605	1.9919757843017578	9.308655738830566	-0.7661445140838623
1512060490625	0.9193734526634216	8.65743350982666	-0.8427590131759644
1512060490645	1.2258312702178955	8.08282470703125	-0.2298433631658554
1512060490665	1.4939818382263184	8.810662269592285	0.038307227194309235
1512060490685	2.7964274883270264	9.730035781860352	-0.6129156351089478
1512060490705	2.6815059185028076	10.074800491333008	-1.1875240802764893
1512060490725	2.1068975925445557	9.730035781860352	-0.8044517636299133
1512060490745	3.3710360527038574	8.695740699768066	-0.2298433631658554
1512060490765	2.719813108444214	9.232041358947754	1.3024457693099976
1512060490785	3.44765043258667	10.649409294128418	1.647210717201233
1512060490805	4.596867084503174	11.568782806396484	-0.038307227194309235
1512060490825	3.869029998779297	11.645397186279297	-1.4173674583435059
1512060490845	4.098873138427734	10.228029251098633	-1.1492167711257935
1512060490865	3.6391866207122803	10.304644584655762	1.2641384601593018
1512060490885	3.332728862762451	10.955866813659668	-0.038307227194309235
1512060490905	2.911349296569824	11.30063247680664	-2.9879636764526367
1512060490925	2.9496564865112305	10.611102104187012	-2.2218191623687744
1512060490945	3.869029998779297	9.461885452270508	0.26815059781074524
1512060490965	3.485957622528076	9.385271072387695	-0.15322890877723694
1512060490985	2.2601263523101807	9.883264541625977	-2.183511972427368
1512060491005	2.1068975925445557	9.691728591918945	-1.647210717201233
1512060491026	2.7964274883270264	8.887276649475098	-0.6129156351089478
1512060491045	3.8307228088378906	8.159439086914062	-0.5746083855628967
1512060491065	2.873042106628418	8.580819129943848	-1.1109095811843872
1512060491085	2.183511972427368	8.96389102935791	-1.1492167711257935
1512060491105	2.4899697303771973	9.193734169006348	-1.5705963373184204
1512060491125	3.294421434402466	9.078812599182129	-2.604891538619995
1512060491145	3.754108190536499	8.925583839416504	-1.9919757843017578
1512060491165	3.9839515686035156	8.427590370178223	-0.07661445438861847
1512060491185	3.869029998779297	8.542511940002441	1.9153614044189453
1512060491205	2.911349296569824	8.810662269592285	1.2641384601593018
1512060491225	3.141192674636841	8.427590370178223	-1.072602391242981
1512060491245	3.44765043258667	8.504204750061035	-2.145204782485962
1512060491265	3.141192674636841	8.427590370178223	-1.9536685943603516
1512060491285	3.4093432426452637	8.389283180236816	-1.4173674583435059
1512060491305	3.44765043258667	8.389283180236816	-1.6089035272598267
1512060491325	3.5242648124694824	8.159439086914062	-1.6855180263519287
1512060491346	3.064578056335449	8.08282470703125	-1.9153614044189453
1512060491365	2.873042106628418	8.006210327148438	-2.030282974243164
1512060491385	2.719813108444214	8.197746276855469	-2.604891538619995
1512060491405	2.75812029838562	8.159439086914062	-2.030282974243164
1512060491425	2.873042106628418	8.006210327148438	-1.0342950820922852
1512060491445	3.179499864578247	8.389283180236816	-1.5322890281677246
1512060491465	3.294421434402466	8.542511940002441	-2.911349296569824
1512060491485	2.9879636764526367	8.695740699768066	-2.451662540435791
1512060491505	3.179499864578247	8.580819129943848	-1.2258312702178955
1512060491525	2.9879636764526367	8.465897560119629	-1.1109095811843872
1512060491545	2.604891538619995	8.504204750061035	-1.6855180263519287
1512060491565	2.4899697303771973	8.619126319885254	-1.9536685943603516
1512060491585	2.4133553504943848	8.580819129943848	-1.6855180263519287
1512060491605	2.2218191623687744	8.542511940002441	-1.3407529592514038
1512060491625	2.183511972427368	8.619126319885254	-1.7621324062347412
1512060491645	2.2218191623687744	8.619126319885254	-2.3750481605529785
1512060491665	1.8770540952682495	8.734047889709473	-2.7964274883270264
1512060491685	1.7621324062347412	8.542511940002441	-2.183511972427368
1512060491705	1.9919757843017578	8.465897560119629	-1.8387469053268433
1512060491725	2.030282974243164	8.580819129943848	-1.9153614044189453
1512060491745	1.9919757843017578	8.542511940002441	-1.9536685943603516
1512060491765	2.183511972427368	8.504204750061035	-1.6089035272598267
1512060491785	2.873042106628418	8.465897560119629	-1.5705963373184204
1512060491805	3.2178070545196533	8.619126319885254	-1.9153614044189453
1512060491825	3.064578056335449	8.734047889709473	-2.451662540435791
1512060491845	2.8347349166870117	8.887276649475098	-2.75812029838562
1512060491865	2.604891538619995	8.848969459533691	-2.5282769203186035
1512060491885	2.6431987285614014	8.619126319885254	-1.9536685943603516
1512060491905	2.8347349166870117	8.504204750061035	-1.8770540952682495
1512060491925	2.6431987285614014	8.465897560119629	-2.719813108444214
1512060491946	2.4133553504943848	8.504204750061035	-3.141192674636841
1512060491965	2.6815059185028076	8.389283180236816	-2.3367409706115723
1512060491985	2.8347349166870117	8.121131896972656	-1.37906014919281
1512060492005	2.7964274883270264	7.967903137207031	-1.4173674583435059
1512060492025	2.6815059185028076	8.044517517089844	-1.800439715385437
1512060492045	2.3750481605529785	8.465897560119629	-1.5322890281677246
1512060492065	2.719813108444214	8.810662269592285	-1.3407529592514038
1512060492085	3.5242648124694824	8.887276649475098	-1.4939818382263184
1512060492105	3.2178070545196533	8.772355079650879	-0.8427590131759644
1512060492125	2.1068975925445557	8.619126319885254	-0.5363011956214905
1512060492145	1.8387469053268433	8.619126319885254	-0.727837324142456
1512060492165	2.451662540435791	8.734047889709473	-1.1492167711257935
1512060492185	2.6431987285614014	9.117119789123535	-1.2641384601593018
1512060492205	1.723825216293335	9.27034854888916	-1.3024457693099976
1512060492225	1.3024457693099976	9.53849983215332	-1.5322890281677246
1512060492245	2.2218191623687744	9.423578262329102	-1.5322890281677246
1512060492265	2.2218191623687744	9.615114212036133	-0.6512228846549988
1512060492285	2.145204782485962	10.189722061157227	0.07661445438861847
1512060492305	2.4899697303771973	10.5344877243042	-1.1109095811843872
1512060492325	2.2601263523101807	10.41956615447998	-1.2641384601593018
1512060492345	2.5665841102600098	10.074800491333008	-0.8044517636299133
1512060492365	3.332728862762451	9.959878921508789	-0.727837324142456
1512060492385	3.600879430770874	10.074800491333008	-1.723825216293335
1512060492405	3.141192674636841	9.921571731567383	-2.3367409706115723
1512060492425	3.332728862762451	9.500192642211914	-1.723825216293335
1512060492445	3.5625722408294678	9.193734169006348	-1.0342950820922852
1512060492465	3.294421434402466	9.27034854888916	-0.6512228846549988
1512060492485	3.179499864578247	9.193734169006348	-1.6089035272598267
1512060492505	2.4899697303771973	9.232041358947754	-1.6855180263519287
1512060492525	2.2601263523101807	9.385271072387695	-0.8810662031173706
1512060492545	2.873042106628418	9.346963882446289	0.038307227194309235
1512060492565	3.9839515686035156	9.730035781860352	1.9153614044189453
1512060492585	3.6391866207122803	10.074800491333008	1.2641384601593018
1512060492605	2.911349296569824	10.036493301391602	-0.38307225704193115
1512060492625	2.2218191623687744	9.653421401977539	-0.5746083855628967
1512060492645	2.183511972427368	9.117119789123535	0.6129156351089478
1512060492665	2.4899697303771973	8.96389102935791	2.4899697303771973
1512060492685	2.8347349166870117	9.232041358947754	2.604891538619995
1512060492705	2.3367409706115723	9.232041358947754	0.5746083855628967
1512060492725	2.1068975925445557	9.117119789123535	-1.1875240802764893
1512060492745	1.9153614044189453	9.117119789123535	-1.4173674583435059
1512060492765	2.6815059185028076	9.232041358947754	-0.6512228846549988
1512060492785	3.485957622528076	9.27034854888916	0.5746083855628967
1512060492805	3.3710360527038574	9.232041358947754	1.3407529592514038
1512060492826	3.7924153804779053	9.155426979064941	0.38307225704193115
1512060492845	3.6774938106536865	9.461885452270508	-0.8427590131759644
1512060492865	3.754108190536499	9.806650161743164	-1.0342950820922852
1512060492885	4.290409564971924	9.53849983215332	0.26815059781074524
1512060492905	4.520252704620361	9.117119789123535	1.3024457693099976
1512060492925	4.175487995147705	8.772355079650879	0.9193734526634216
1512060492945	3.3710360527038574	8.810662269592285	-0.15322890877723694
1512060492965	2.6815059185028076	8.925583839416504	-0.8427590131759644
1512060492985	2.75812029838562	8.96389102935791	-0.4213795065879822
1512060493005	3.141192674636841	8.96389102935791	0.5363011956214905
1512060493025	3.141192674636841	8.734047889709473	1.455674648284912
1512060493045	2.604891538619995	8.848969459533691	1.2641384601593018
1512060493065	1.800439715385437	9.078812599182129	0.3064578175544739
1512060493085	1.800439715385437	9.346963882446289	-0.38307225704193115
1512060493106	2.5665841102600098	9.461885452270508	-0.49799394607543945
1512060493125	2.7964274883270264	9.730035781860352	-0.4596867263317108
1512060493146	2.604891538619995	9.423578262329102	-0.9576807022094727
1512060493165	2.183511972427368	8.810662269592285	1.0342950820922852
1512060493185	2.0685901641845703	8.35097599029541	3.294421434402466
1512060493205	1.647210717201233	8.734047889709473	1.9536685943603516
1512060493225	2.1068975925445557	9.155426979064941	0.07661445438861847
1512060493245	2.604891538619995	9.691728591918945	-0.38307225704193115
1512060493265	3.2561142444610596	10.189722061157227	0.6129156351089478
1512060493285	3.600879430770874	10.342951774597168	2.030282974243164
1512060493305	3.5242648124694824	10.764330863952637	1.723825216293335
1512060493325	3.5242648124694824	11.03248119354248	-1.0342950820922852
1512060493345	3.869029998779297	10.764330863952637	-2.030282974243164
1512060493365	3.294421434402466	10.381258964538574	0.49799394607543945
1512060493385	2.9496564865112305	9.84495735168457	1.9153614044189453
1512060493405	3.1028854846954346	9.53849983215332	1.4939818382263184
1512060493425	3.44765043258667	9.232041358947754	0.8810662031173706
1512060493445	2.9496564865112305	9.193734169006348	0.038307227194309235
1512060493466	2.911349296569824	9.232041358947754	-0.7661445140838623
1512060493485	3.485957622528076	9.155426979064941	-0.19153612852096558
1512060493505	4.137180328369141	8.887276649475098	0.689530074596405
1512060493525	4.32871675491333	8.695740699768066	0.8044517636299133
1512060493545	3.7924153804779053	9.117119789123535	0.1149216815829277
1512060493565	3.907337188720703	9.27034854888916	-1.455674648284912
1512060493585	4.443638324737549	9.346963882446289	-1.1109095811843872
1512060493605	4.558559894561768	8.925583839416504	-0.2298433631658554
1512060493625	4.481945514678955	8.96389102935791	-0.1149216815829277
1512060493645	4.481945514678955	9.078812599182129	-0.9576807022094727
1512060493665	4.596867084503174	8.925583839416504	-1.7621324062347412
1512060493685	4.405331134796143	8.580819129943848	-1.1109095811843872
1512060493705	4.252102375030518	8.236053466796875	-0.19153612852096558
1512060493725	4.098873138427734	7.891288757324219	-0.38307225704193115
1512060493745	3.6774938106536865	7.8529815673828125	-0.4596867263317108
1512060493765	3.179499864578247	7.891288757324219	-0.3064578175544739
1512060493785	3.5625722408294678	8.427590370178223	-1.6855180263519287
1512060493805	4.481945514678955	9.193734169006348	-3.9456443786621094
1512060493825	4.941632270812988	9.117119789123535	-4.022258758544922
1512060493845	4.481945514678955	8.734047889709473	-2.1068975925445557
1512060493865	4.060565948486328	8.08282470703125	0.26815059781074524
1512060493885	3.6391866207122803	7.661445617675781	1.37906014919281
1512060493905	3.5242648124694824	7.5848307609558105	1.072602391242981
1512060493925	3.44765043258667	7.661445617675781	0.26815059781074524
1512060493945	3.3710360527038574	7.661445617675781	0.19153612852096558
1512060493965	3.3710360527038574	7.891288757324219	-0.038307227194309235
1512060493985	3.332728862762451	8.044517517089844	-0.689530074596405
1512060494005	3.4093432426452637	8.121131896972656	-0.9193734526634216
1512060494025	3.2561142444610596	8.08282470703125	-0.8427590131759644
1512060494045	2.9879636764526367	8.121131896972656	-1.4939818382263184
1512060494065	2.911349296569824	8.159439086914062	-1.2258312702178955
1512060494085	2.9879636764526367	8.274360656738281	-1.3407529592514038
1512060494105	3.064578056335449	8.389283180236816	-1.800439715385437
1512060494125	3.179499864578247	8.427590370178223	-1.723825216293335
1512060494145	3.600879430770874	8.159439086914062	-1.7621324062347412
1512060494165	3.5242648124694824	7.814674377441406	-1.4939818382263184
1512060494185	3.485957622528076	8.044517517089844	-1.3407529592514038
1512060494205	3.141192674636841	8.197746276855469	-1.072602391242981
1512060494225	3.141192674636841	8.197746276855469	-1.0342950820922852
1512060494245	3.6391866207122803	8.08282470703125	-1.37906014919281
1512060494265	3.1028854846954346	8.427590370178223	-2.0685901641845703
1512060494285	1.9536685943603516	8.65743350982666	-2.298433542251587
1512060494305	1.9919757843017578	8.65743350982666	-0.9959878921508789
1512060494325	2.451662540435791	8.887276649475098	-0.9193734526634216
1512060494345	3.5242648124694824	8.848969459533691	-1.9153614044189453
1512060494365	3.907337188720703	8.619126319885254	-1.4173674583435059
1512060494385	3.141192674636841	8.236053466796875	0.07661445438861847
1512060494405	2.5282769203186035	8.159439086914062	0.1149216815829277
1512060494426	2.3367409706115723	8.427590370178223	-1.2641384601593018
1512060494445	2.4899697303771973	8.465897560119629	-1.5322890281677246
1512060494465	2.75812029838562	8.236053466796875	0.9193734526634216
1512060494485	2.183511972427368	8.159439086914062	2.604891538619995
1512060494505	1.800439715385437	8.121131896972656	-0.15322890877723694
1512060494525	1.9536685943603516	8.427590370178223	-1.072602391242981
1512060494545	2.75812029838562	9.117119789123535	-0.07661445438861847
1512060494565	3.064578056335449	9.615114212036133	0.727837324142456
1512060494585	3.064578056335449	9.615114212036133	-0.15322890877723694
1512060494605	2.719813108444214	9.84495735168457	-1.4939818382263184
1512060494625	3.026270866394043	10.15141487121582	-1.6089035272598267
1512060494645	3.600879430770874	10.649409294128418	-1.072602391242981
1512060494665	3.600879430770874	10.879252433776855	-0.727837324142456
1512060494685	3.6774938106536865	10.84094524383545	-0.38307225704193115
1512060494705	3.2561142444610596	10.496180534362793	0.2298433631658554
1512060494725	3.026270866394043	10.189722061157227	0.5363011956214905
1512060494745	3.064578056335449	9.959878921508789	0.8044517636299133
1512060494765	3.8307228088378906	9.921571731567383	1.6089035272598267
1512060494785	4.481945514678955	9.959878921508789	1.3024457693099976
1512060494805	4.213795185089111	9.768342971801758	0.038307227194309235
1512060494825	3.485957622528076	9.346963882446289	-0.038307227194309235
1512060494845	3.7158010005950928	9.232041358947754	0.6512228846549988
1512060494865	3.754108190536499	9.385271072387695	1.1492167711257935
1512060494885	3.3710360527038574	9.423578262329102	0.7661445140838623
1512060494905	3.44765043258667	9.232041358947754	0.19153612852096558
1512060494925	3.3710360527038574	8.96389102935791	0.38307225704193115
1512060494945	3.179499864578247	9.461885452270508	0.5746083855628967
1512060494965	3.44765043258667	10.036493301391602	0.19153612852096558
1512060494985	3.179499864578247	9.806650161743164	0.6129156351089478
1512060495005	3.4093432426452637	9.385271072387695	0.8810662031173706
1512060495025	3.294421434402466	9.27034854888916	0.7661445140838623
1512060495045	2.911349296569824	9.040505409240723	0.2298433631658554
1512060495065	2.9879636764526367	8.580819129943848	-0.4596867263317108
1512060495085	3.5625722408294678	8.006210327148438	-0.49799394607543945
1512060495105	2.9496564865112305	8.121131896972656	-0.3447650372982025
1512060495125	3.2561142444610596	8.389283180236816	0.2298433631658554
1512060495145	4.137180328369141	8.427590370178223	0.8044517636299133
1512060495165	4.290409564971924	8.542511940002441	1.0342950820922852
1512060495185	4.558559894561768	8.695740699768066	0.689530074596405
1512060495205	4.137180328369141	9.155426979064941	0.038307227194309235
1512060495225	4.060565948486328	9.27034854888916	-0.3064578175544739
1512060495245	3.869029998779297	9.27034854888916	0.1149216815829277
1512060495265	4.098873138427734	9.27034854888916	0.727837324142456
1512060495285	3.907337188720703	9.078812599182129	0.6129156351089478
1512060495305	3.44765043258667	9.040505409240723	0.2298433631658554
1512060495325	2.604891538619995	9.002198219299316	-0.038307227194309235
1512060495345	2.3367409706115723	8.848969459533691	0.15322890877723694
1512060495365	2.8347349166870117	8.848969459533691	0.8044517636299133
1512060495385	3.2561142444610596	9.461885452270508	0.19153612852096558
1512060495405	3.485957622528076	9.768342971801758	-1.6089035272598267
1512060495425	2.719813108444214	9.84495735168457	-1.2641384601593018
1512060495445	2.7964274883270264	9.576807022094727	0.8044517636299133
1512060495465	3.8307228088378906	9.500192642211914	1.6089035272598267
1512060495485	3.6774938106536865	9.730035781860352	1.2258312702178955
1512060495505	2.911349296569824	10.074800491333008	0.2298433631658554
1512060495525	2.6815059185028076	9.959878921508789	-0.727837324142456
1512060495545	3.2178070545196533	9.883264541625977	0.19153612852096558
1512060495565	3.8307228088378906	10.457873344421387	1.37906014919281
1512060495585	3.6774938106536865	10.764330863952637	0.3447650372982025
1512060495605	2.6431987285614014	10.802638053894043	-0.8427590131759644
1512060495625	2.3750481605529785	10.113107681274414	-1.6089035272598267
1512060495646	3.8307228088378906	9.653421401977539	-0.2298433631658554
1512060495665	3.294421434402466	9.998186111450195	1.455674648284912
1512060495685	2.9879636764526367	10.228029251098633	0.38307225704193115
1512060495705	2.183511972427368	10.189722061157227	-1.647210717201233
1512060495725	1.37906014919281	9.768342971801758	-2.298433542251587
1512060495745	2.5665841102600098	8.96389102935791	-0.5363011956214905
1512060495765	3.332728862762451	8.465897560119629	2.0685901641845703
1512060495785	3.1028854846954346	8.35097599029541	1.6855180263519287
1512060495805	2.3367409706115723	8.848969459533691	-1.1875240802764893
1512060495825	2.604891538619995	9.117119789123535	-3.8307228088378906
1512060495845	3.6774938106536865	9.040505409240723	-2.8347349166870117
1512060495866	3.7924153804779053	9.078812599182129	-0.26815059781074524
1512060495885	2.9496564865112305	9.232041358947754	-0.49799394607543945
1512060495905	2.873042106628418	9.461885452270508	-2.145204782485962
1512060495925	3.332728862762451	9.346963882446289	-2.911349296569824
1512060495945	2.873042106628418	9.155426979064941	-2.183511972427368
1512060495966	2.719813108444214	8.580819129943848	-0.2298433631658554
1512060495985	2.9879636764526367	8.504204750061035	0.8810662031173706
1512060496005	3.5625722408294678	8.542511940002441	-0.6129156351089478
1512060496025	3.5242648124694824	8.887276649475098	-1.7621324062347412
1512060496045	3.3710360527038574	8.848969459533691	-1.6089035272598267
1512060496066	3.332728862762451	8.619126319885254	-1.1875240802764893
1512060496085	3.5242648124694824	8.619126319885254	-0.19153612852096558
1512060496105	3.5625722408294678	8.274360656738281	-0.15322890877723694
1512060496125	3.7158010005950928	8.159439086914062	-0.8044517636299133
1512060496145	3.44765043258667	8.274360656738281	-1.647210717201233
1512060496165	3.3710360527038574	8.389283180236816	-2.1068975925445557
1512060496185	2.9879636764526367	8.159439086914062	-2.183511972427368
1512060496205	2.4133553504943848	8.044517517089844	-1.4939818382263184
1512060496225	2.183511972427368	7.814674377441406	-0.727837324142456
1512060496245	2.145204782485962	7.891288757324219	-0.7661445140838623
1512060496265	1.8770540952682495	8.274360656738281	-1.7621324062347412
1512060496285	1.5705963373184204	8.389283180236816	-1.8387469053268433
1512060496305	1.6089035272598267	8.35097599029541	-1.1492167711257935
1512060496325	1.6855180263519287	8.389283180236816	-1.455674648284912
1512060496345	1.5705963373184204	8.810662269592285	-1.8770540952682495
1512060496365	1.5705963373184204	8.925583839416504	-1.5322890281677246
1512060496385	1.6855180263519287	8.96389102935791	-0.9959878921508789
1512060496405	1.6855180263519287	8.96389102935791	-0.8810662031173706
1512060496425	1.8387469053268433	9.040505409240723	-1.3407529592514038
1512060496445	1.6855180263519287	9.27034854888916	-2.3367409706115723
1512060496465	1.723825216293335	9.346963882446289	-2.5282769203186035
1512060496485	1.800439715385437	9.423578262329102	-1.8770540952682495
1512060496505	1.800439715385437	9.346963882446289	-1.455674648284912
1512060496525	1.6855180263519287	9.117119789123535	-1.800439715385437
1512060496546	1.7621324062347412	8.96389102935791	-1.9919757843017578
1512060496565	1.9153614044189453	8.848969459533691	-2.145204782485962
1512060496585	2.2601263523101807	8.925583839416504	-1.9153614044189453
1512060496605	2.5282769203186035	8.580819129943848	-1.6089035272598267
1512060496625	2.6431987285614014	8.274360656738281	-1.6089035272598267
1512060496645	3.026270866394043	8.121131896972656	-1.1492167711257935
1512060496665	3.1028854846954346	8.159439086914062	-1.1875240802764893
1512060496685	2.9496564865112305	8.312667846679688	-1.37906014919281
1512060496705	2.3750481605529785	8.312667846679688	-1.072602391242981
1512060496725	2.8347349166870117	8.35097599029541	-0.26815059781074524
1512060496745	4.022258758544922	8.772355079650879	0.0
1512060496765	4.367023944854736	9.002198219299316	-1.3407529592514038
1512060496785	3.2178070545196533	8.734047889709473	-1.9536685943603516
1512060496805	1.5705963373184204	7.240066051483154	-1.1109095811843872
1512060496825	1.6855180263519287	6.742072105407715	-0.8044517636299133
1512060496845	1.1492167711257935	7.1251444816589355	-0.689530074596405
1512060496866	0.5363011956214905	7.6997528076171875	-1.4939818382263184
1512060496885	0.8810662031173706	8.542511940002441	-2.9879636764526367
1512060496905	2.0685901641845703	8.810662269592285	-2.2218191623687744
1512060496925	2.1068975925445557	8.695740699768066	-0.1149216815829277
1512060496945	1.1492167711257935	8.887276649475098	0.727837324142456
1512060496965	1.072602391242981	9.385271072387695	-0.6129156351089478
1512060496985	1.8770540952682495	10.074800491333008	-3.064578056335449
1512060497005	2.4899697303771973	10.342951774597168	-3.4093432426452637
1512060497025	2.145204782485962	10.036493301391602	-1.647210717201233
1512060497045	1.8387469053268433	10.228029251098633	0.0
1512060497065	1.37906014919281	10.5344877243042	-0.26815059781074524
1512060497085	1.3407529592514038	10.649409294128418	-2.5665841102600098
1512060497105	2.0685901641845703	10.84094524383545	-4.213795185089111
1512060497125	2.873042106628418	10.649409294128418	-3.2178070545196533
1512060497145	2.3750481605529785	10.113107681274414	-1.2258312702178955
1512060497166	1.3407529592514038	9.500192642211914	-0.26815059781074524
1512060497186	1.1109095811843872	9.155426979064941	-0.3064578175544739
1512060497266	1.4939818382263184	9.117119789123535	-0.6129156351089478
1512060497542	2.1068975925445557	9.308655738830566	-0.26815059781074524
1512060497553	2.451662540435791	9.730035781860352	0.3064578175544739
1512060497565	2.2218191623687744	9.959878921508789	-1.1109095811843872
1512060497576	1.9919757843017578	9.691728591918945	-2.4133553504943848
1512060497593	2.4899697303771973	9.461885452270508	-1.37906014919281
1512060497609	2.9496564865112305	9.883264541625977	0.38307225704193115
1512060497667	3.869029998779297	10.228029251098633	1.2258312702178955
1512060497787	2.9496564865112305	10.113107681274414	0.3064578175544739
1512060497901	2.6815059185028076	9.53849983215332	-0.15322890877723694
1512060497922	2.6815059185028076	9.461885452270508	0.6129156351089478
1512060497936	3.294421434402466	9.806650161743164	0.5363011956214905
1512060497961	3.294421434402466	9.768342971801758	-1.2258312702178955
1512060497980	4.213795185089111	9.155426979064941	-2.6815059185028076
1512060498013	4.9799394607543945	8.695740699768066	-1.5705963373184204
1512060498096	3.9456443786621094	8.772355079650879	1.1492167711257935
1512060498207	3.4093432426452637	8.695740699768066	2.873042106628418
1512060498276	3.179499864578247	8.580819129943848	1.723825216293335
1512060498288	3.026270866394043	9.078812599182129	-0.727837324142456
1512060498305	3.141192674636841	9.53849983215332	-1.9919757843017578
1512060498323	3.026270866394043	9.232041358947754	-0.689530074596405
1512060498343	3.44765043258667	8.619126319885254	1.8770540952682495
1512060498359	4.060565948486328	8.810662269592285	3.2178070545196533
1512060498377	4.290409564971924	9.53849983215332	1.647210717201233
1512060498395	4.252102375030518	9.768342971801758	-0.4596867263317108
1512060498416	4.252102375030518	9.155426979064941	-1.5322890281677246
1512060498432	4.63517427444458	8.810662269592285	-0.15322890877723694
1512060498465	4.788403511047363	8.734047889709473	0.689530074596405
1512060498480	4.788403511047363	8.389283180236816	0.038307227194309235
1512060498539	4.405331134796143	8.236053466796875	-0.8810662031173706
1512060498656	4.213795185089111	7.891288757324219	-1.072602391242981
1512060498683	3.869029998779297	8.044517517089844	0.038307227194309235
1512060498713	3.754108190536499	8.35097599029541	0.689530074596405
1512060498725	3.869029998779297	8.887276649475098	0.1149216815829277
1512060498754	3.869029998779297	9.27034854888916	-0.9959878921508789
1512060498784	3.6774938106536865	9.155426979064941	-1.5322890281677246
1512060498801	3.5625722408294678	8.925583839416504	-1.1109095811843872
1512060498823	2.5282769203186035	8.695740699768066	-0.1149216815829277
1512060498868	2.298433542251587	8.65743350982666	1.2641384601593018
1512060498889	2.3367409706115723	9.002198219299316	1.3024457693099976
1512060498926	1.8770540952682495	9.346963882446289	0.15322890877723694
1512060498967	3.1028854846954346	9.155426979064941	-0.689530074596405
1512060499043	4.252102375030518	9.730035781860352	0.2298433631658554
1512060499058	3.2561142444610596	10.611102104187012	0.9576807022094727
1512060499078	3.179499864578247	10.802638053894043	-0.07661445438861847
1512060499096	2.4133553504943848	10.649409294128418	-0.689530074596405
1512060499112	3.869029998779297	9.806650161743164	0.038307227194309235
1512060499134	4.175487995147705	10.572794914245605	0.6512228846549988
1512060499154	3.44765043258667	11.530475616455078	-1.8387469053268433
1512060499173	3.754108190536499	10.917559623718262	-0.689530074596405
1512060499189	3.9839515686035156	10.381258964538574	0.3064578175544739
1512060499205	3.5242648124694824	10.457873344421387	-0.26815059781074524
1512060499218	2.9879636764526367	10.266336441040039	0.038307227194309235
1512060499251	2.6431987285614014	9.53849983215332	1.1109095811843872
1512060499272	1.9536685943603516	9.155426979064941	0.2298433631658554
1512060499306	2.3750481605529785	8.848969459533691	-2.030282974243164
1512060499322	2.7964274883270264	9.078812599182129	-2.873042106628418
1512060499353	2.604891538619995	9.461885452270508	-2.3367409706115723
1512060499490	2.3367409706115723	9.308655738830566	-0.9959878921508789
1512060499504	1.9536685943603516	8.772355079650879	0.727837324142456
1512060499517	3.064578056335449	8.08282470703125	0.8810662031173706
1512060499537	3.2178070545196533	8.65743350982666	-1.2258312702178955
1512060499560	2.719813108444214	9.078812599182129	-2.030282974243164
1512060499575	2.6431987285614014	8.734047889709473	0.2298433631658554
1512060499606	2.3750481605529785	8.274360656738281	2.451662540435791
1512060499644	3.4093432426452637	7.929595947265625	1.072602391242981
1512060499671	3.294421434402466	8.580819129943848	-0.26815059781074524
1512060499712	2.719813108444214	8.925583839416504	-1.072602391242981
1512060499753	2.6815059185028076	8.848969459533691	-1.647210717201233
1512060499856	2.911349296569824	8.504204750061035	-2.2601263523101807
1512060499874	3.2561142444610596	8.197746276855469	-2.0685901641845703
1512060499891	3.064578056335449	8.312667846679688	-0.38307225704193115
1512060499922	3.5242648124694824	8.044517517089844	0.07661445438861847
1512060499943	3.44765043258667	8.121131896972656	-0.1149216815829277
1512060499970	3.869029998779297	8.121131896972656	-1.072602391242981
1512060500003	3.869029998779297	8.504204750061035	-1.5322890281677246
1512060500037	3.6391866207122803	8.465897560119629	-1.455674648284912
1512060500056	3.2178070545196533	8.465897560119629	-0.9576807022094727
1512060500094	3.2178070545196533	8.427590370178223	-1.4173674583435059
1512060500272	2.9496564865112305	8.542511940002441	-1.7621324062347412
1512060500290	2.873042106628418	8.695740699768066	-1.723825216293335
1512060500314	2.9496564865112305	8.427590370178223	-1.1109095811843872
1512060500336	3.026270866394043	8.274360656738281	-0.9576807022094727
1512060500374	2.604891538619995	8.312667846679688	-1.3024457693099976
1512060500389	2.3750481605529785	8.389283180236816	-1.6855180263519287
1512060500407	2.4899697303771973	8.427590370178223	-1.6089035272598267
1512060500433	2.5282769203186035	8.389283180236816	-1.4173674583435059
1512060500460	2.3367409706115723	8.504204750061035	-1.723825216293335
1512060500554	2.3367409706115723	8.695740699768066	-2.3750481605529785
1512060500585	2.719813108444214	8.542511940002441	-2.451662540435791
1512060500611	2.873042106628418	8.465897560119629	-1.9536685943603516
1512060500639	2.9496564865112305	8.197746276855469	-1.723825216293335
1512060500658	2.604891538619995	8.121131896972656	-1.7621324062347412
1512060500696	2.6431987285614014	8.159439086914062	-2.030282974243164
1512060500723	3.1028854846954346	8.504204750061035	-1.8387469053268433
1512060500753	3.5625722408294678	8.197746276855469	-1.6089035272598267
1512060500792	3.5625722408294678	8.197746276855469	-1.2258312702178955
1512060500810	3.2178070545196533	8.197746276855469	-1.2641384601593018
1512060500847	3.6391866207122803	8.006210327148438	-1.800439715385437
1512060500923	3.6391866207122803	8.197746276855469	-2.4133553504943848
1512060500939	2.719813108444214	8.08282470703125	-1.6855180263519287
1512060500955	1.5705963373184204	8.236053466796875	-0.38307225704193115
1512060500971	1.9153614044189453	8.159439086914062	-0.727837324142456
1512060500985	2.5665841102600098	8.542511940002441	-1.455674648284912
1512060500999	1.5705963373184204	9.27034854888916	-1.4173674583435059
1512060501013	1.3407529592514038	9.423578262329102	-1.3024457693099976
1512060501026	1.647210717201233	9.615114212036133	-1.647210717201233
1512060501040	1.800439715385437	9.730035781860352	-1.2258312702178955
1512060501054	1.9919757843017578	9.576807022094727	0.3447650372982025
1512060501066	1.8770540952682495	9.500192642211914	1.3407529592514038
1512060501080	1.3024457693099976	9.576807022094727	-0.7661445140838623
1512060501093	1.4173674583435059	9.423578262329102	-1.9153614044189453
1512060501107	1.5705963373184204	9.423578262329102	-0.6129156351089478
1512060501121	1.8387469053268433	9.53849983215332	0.15322890877723694
1512060501135	1.9153614044189453	9.883264541625977	-0.4213795065879822
1512060501148	1.9536685943603516	10.036493301391602	-2.030282974243164
1512060501161	1.6855180263519287	9.921571731567383	-3.4093432426452637
1512060501174	2.451662540435791	10.687716484069824	-2.451662540435791
1512060501186	3.485957622528076	11.262324333190918	-2.0685901641845703
1512060501200	3.5242648124694824	11.1474027633667	-0.6512228846549988
1512060501213	3.6774938106536865	10.342951774597168	0.5746083855628967
1512060501227	2.911349296569824	9.500192642211914	0.9959878921508789
1512060501240	2.604891538619995	9.27034854888916	1.3024457693099976
1512060501253	2.3750481605529785	9.461885452270508	1.072602391242981
1512060501275	3.026270866394043	9.84495735168457	0.07661445438861847
1512060501288	2.8347349166870117	9.921571731567383	-0.5363011956214905
1512060501302	2.719813108444214	9.768342971801758	-0.07661445438861847
1512060501315	2.873042106628418	9.84495735168457	0.727837324142456
1512060501329	3.2561142444610596	10.074800491333008	0.038307227194309235
1512060501343	3.4093432426452637	9.806650161743164	-1.0342950820922852
1512060501357	3.6774938106536865	9.27034854888916	-0.8810662031173706
1512060501370	3.5625722408294678	9.117119789123535	-0.1149216815829277
1512060501384	3.907337188720703	9.078812599182129	-0.19153612852096558
1512060501397	3.5242648124694824	8.96389102935791	-0.15322890877723694
1512060501411	3.44765043258667	8.504204750061035	0.1149216815829277
1512060501426	3.5625722408294678	8.427590370178223	0.3064578175544739
1512060501443	3.485957622528076	8.734047889709473	0.1149216815829277
1512060501457	3.2178070545196533	8.925583839416504	-1.3407529592514038
1512060501472	2.7964274883270264	8.887276649475098	-2.298433542251587
1512060501487	2.719813108444214	8.810662269592285	-1.1109095811843872
1512060501503	3.026270866394043	9.27034854888916	-0.038307227194309235
1512060501517	3.3710360527038574	9.308655738830566	-0.3064578175544739
1512060501532	3.485957622528076	9.040505409240723	-0.6512228846549988
1512060501546	4.060565948486328	8.810662269592285	-0.2298433631658554
1512060501559	3.907337188720703	9.040505409240723	0.26815059781074524
1512060501573	4.060565948486328	9.232041358947754	-0.07661445438861847
1512060501586	4.443638324737549	8.887276649475098	-0.3064578175544739
1512060501600	4.098873138427734	8.312667846679688	-0.4596867263317108
1512060501615	3.026270866394043	8.159439086914062	-0.5363011956214905
1512060501628	2.6815059185028076	8.389283180236816	-0.8044517636299133
1512060501641	2.604891538619995	8.619126319885254	-0.8810662031173706
1512060501655	2.9496564865112305	8.772355079650879	-0.5746083855628967
1512060501668	2.9496564865112305	8.695740699768066	-0.1149216815829277
1512060501681	3.5625722408294678	8.619126319885254	-0.038307227194309235
1512060501694	3.2178070545196533	8.887276649475098	-0.07661445438861847
1512060501707	2.6815059185028076	9.308655738830566	-0.4213795065879822
1512060501720	2.2218191623687744	9.53849983215332	-0.9959878921508789
1512060501734	1.9153614044189453	9.500192642211914	-0.727837324142456
1512060501749	3.294421434402466	9.461885452270508	0.26815059781074524
1512060501763	4.213795185089111	10.113107681274414	1.1109095811843872
1512060501777	4.137180328369141	11.30063247680664	0.5746083855628967
1512060501790	4.481945514678955	11.683704376220703	-1.2258312702178955
1512060501804	2.604891538619995	10.802638053894043	-1.3407529592514038
1512060501817	3.141192674636841	9.653421401977539	0.6129156351089478
1512060501831	3.907337188720703	9.768342971801758	2.0685901641845703
1512060501844	3.332728862762451	11.185709953308105	-0.38307225704193115
1512060501858	3.2561142444610596	11.683704376220703	-3.179499864578247
1512060501871	2.298433542251587	10.994174003601074	-1.647210717201233
1512060501885	2.3750481605529785	9.615114212036133	1.723825216293335
1512060501898	4.060565948486328	8.848969459533691	2.145204782485962
1512060501914	2.6815059185028076	9.653421401977539	-0.26815059781074524
1512060501928	2.2218191623687744	9.921571731567383	-2.719813108444214
1512060501942	1.647210717201233	9.461885452270508	-1.800439715385437
1512060501955	1.723825216293335	8.465897560119629	0.49799394607543945
1512060501969	2.604891538619995	8.197746276855469	1.8387469053268433
1512060501982	2.3750481605529785	8.465897560119629	0.49799394607543945
1512060501996	1.7621324062347412	8.772355079650879	-1.5322890281677246
1512060502009	2.1068975925445557	8.734047889709473	-1.7621324062347412
1512060502022	2.7964274883270264	8.810662269592285	-1.3407529592514038
1512060502035	3.1028854846954346	8.504204750061035	-1.0342950820922852
1512060502048	2.8347349166870117	8.35097599029541	-0.07661445438861847
1512060502062	3.5242648124694824	8.08282470703125	0.689530074596405
1512060502075	4.367023944854736	8.121131896972656	0.6512228846549988
1512060502098	4.252102375030518	8.504204750061035	-0.15322890877723694
1512060502111	3.44765043258667	8.35097599029541	-0.9959878921508789
1512060502125	2.719813108444214	7.7763671875	0.3447650372982025
1512060502138	3.179499864578247	8.427590370178223	1.0342950820922852
1512060502152	4.022258758544922	8.96389102935791	-1.072602391242981
1512060502165	4.213795185089111	9.078812599182129	-2.4899697303771973
1512060502177	4.137180328369141	8.96389102935791	-2.4899697303771973
1512060502191	4.367023944854736	8.734047889709473	-2.3750481605529785
1512060502204	4.596867084503174	8.65743350982666	-1.723825216293335
1512060502217	4.788403511047363	8.236053466796875	-0.38307225704193115
1512060502231	4.865017890930176	7.8529815673828125	0.6512228846549988
1512060502245	4.290409564971924	7.8529815673828125	0.5363011956214905
1512060502258	3.9839515686035156	7.967903137207031	-0.4213795065879822
1512060502276	3.600879430770874	8.312667846679688	-1.455674648284912
1512060502290	3.179499864578247	8.312667846679688	-1.5705963373184204
1512060502303	2.6431987285614014	8.236053466796875	-1.0342950820922852
1512060502316	2.4899697303771973	8.08282470703125	-0.19153612852096558
1512060502330	2.719813108444214	8.197746276855469	-0.3447650372982025
1512060502351	2.5665841102600098	8.580819129943848	-1.1109095811843872
1512060502364	2.4899697303771973	8.65743350982666	-1.6855180263519287
1512060502378	2.6815059185028076	8.695740699768066	-1.3407529592514038
1512060502391	2.7964274883270264	8.848969459533691	-1.3024457693099976
1512060502404	2.8347349166870117	8.96389102935791	-1.3024457693099976
1512060502417	2.9496564865112305	9.155426979064941	-0.9193734526634216
1512060502432	3.064578056335449	9.040505409240723	-0.727837324142456
1512060502446	3.2561142444610596	9.078812599182129	-0.8810662031173706
1512060502462	3.5625722408294678	9.155426979064941	-1.1492167711257935
1512060502475	3.5242648124694824	9.27034854888916	-1.2641384601593018
1512060502488	3.332728862762451	9.346963882446289	-1.4173674583435059
1512060502502	3.3710360527038574	9.232041358947754	-1.4173674583435059
1512060502515	3.5625722408294678	9.117119789123535	-1.4939818382263184
1512060502528	3.8307228088378906	9.078812599182129	-1.2258312702178955
1512060502542	3.907337188720703	9.040505409240723	-1.1109095811843872
1512060502555	3.907337188720703	9.155426979064941	-1.072602391242981
1512060502569	4.137180328369141	8.925583839416504	-1.072602391242981
1512060502581	4.213795185089111	8.619126319885254	-1.1875240802764893
1512060502595	3.9456443786621094	8.427590370178223	-0.3064578175544739
1512060502610	3.485957622528076	8.504204750061035	0.4596867263317108
1512060502625	3.332728862762451	8.274360656738281	0.9959878921508789
1512060502639	3.44765043258667	8.427590370178223	1.3407529592514038
1512060502652	3.3710360527038574	8.274360656738281	1.3407529592514038
1512060502665	3.026270866394043	8.274360656738281	1.5322890281677246
1512060502678	3.179499864578247	8.35097599029541	1.9153614044189453
1512060502692	3.44765043258667	8.121131896972656	2.030282974243164
1512060502705	2.9879636764526367	8.08282470703125	2.030282974243164
1512060502717	2.6815059185028076	8.08282470703125	2.6431987285614014
1512060502730	2.6431987285614014	8.121131896972656	3.2178070545196533
1512060502744	2.9496564865112305	8.159439086914062	3.5242648124694824
1512060502757	3.1028854846954346	7.5848307609558105	3.5625722408294678
1512060502770	2.145204782485962	7.623138427734375	3.869029998779297
1512060502784	1.5705963373184204	7.7763671875	4.405331134796143
1512060502801	2.0685901641845703	7.623138427734375	5.094861030578613
1512060502814	3.2561142444610596	7.163451671600342	5.324704647064209
1512060502827	3.141192674636841	6.742072105407715	5.1331682205200195
1512060502841	1.37906014919281	6.933608055114746	5.477933406829834
1512060502854	0.0	7.240066051483154	6.244078159332275
1512060502868	0.2298433631658554	7.393294811248779	6.473921298980713
1512060502880	2.2601263523101807	6.742072105407715	6.665457725524902
1512060502894	3.6391866207122803	5.861005783081055	6.358999729156494
1512060502907	2.5282769203186035	6.052541732788086	6.052541732788086
1512060502921	0.689530074596405	6.358999729156494	6.090848922729492
1512060502935	0.6129156351089478	6.167463779449463	6.665457725524902
1512060502948	2.1068975925445557	5.477933406829834	6.780379295349121
1512060502960	3.141192674636841	5.056553840637207	6.627150535583496
1512060502978	3.064578056335449	4.9799394607543945	6.818686485290527
1512060502991	2.0685901641845703	5.094861030578613	7.8529815673828125
1512060503004	0.9193734526634216	4.903325080871582	8.504204750061035
1512060503018	0.9576807022094727	4.213795185089111	9.27034854888916
1512060503031	1.5705963373184204	3.9456443786621094	9.615114212036133
1512060503045	2.8347349166870117	3.5625722408294678	9.653421401977539
1512060503058	3.064578056335449	3.141192674636841	8.465897560119629
1512060503071	0.6512228846549988	3.869029998779297	8.772355079650879
1512060503085	0.19153612852096558	3.907337188720703	9.576807022094727
1512060503099	0.689530074596405	3.7158010005950928	9.921571731567383
1512060503114	1.2641384601593018	3.6391866207122803	9.385271072387695
1512060503128	0.9576807022094727	3.294421434402466	8.810662269592285
1512060503142	0.3064578175544739	3.1028854846954346	9.117119789123535
1512060503158	0.26815059781074524	3.2178070545196533	9.385271072387695
1512060503172	0.1149216815829277	2.9879636764526367	9.232041358947754
1512060503185	0.6129156351089478	2.7964274883270264	8.848969459533691
1512060503199	0.4213795065879822	3.2561142444610596	9.117119789123535
1512060503212	0.49799394607543945	3.2178070545196533	9.423578262329102
1512060503225	0.689530074596405	3.026270866394043	9.653421401977539
1512060503239	0.6129156351089478	2.75812029838562	10.5344877243042
1512060503252	0.07661445438861847	2.3367409706115723	10.649409294128418
1512060503265	-0.38307225704193115	2.451662540435791	10.994174003601074
1512060503279	-0.3064578175544739	2.7964274883270264	10.036493301391602
1512060503292	0.0	3.064578056335449	9.155426979064941
1512060503307	0.5746083855628967	3.064578056335449	8.427590370178223
1512060503320	0.8427590131759644	3.179499864578247	7.929595947265625
1512060503338	0.8810662031173706	3.064578056335449	7.7763671875
1512060503352	1.37906014919281	2.5282769203186035	8.044517517089844
1512060503365	1.455674648284912	2.145204782485962	9.002198219299316
1512060503378	1.2258312702178955	2.145204782485962	9.883264541625977
1512060503391	1.2641384601593018	2.6815059185028076	9.806650161743164
1512060503404	1.0342950820922852	2.75812029838562	8.236053466796875
1512060503417	-1.723825216293335	4.098873138427734	6.588842868804932
1512060503431	-1.8770540952682495	3.485957622528076	6.971915245056152
1512060503443	-0.3064578175544739	3.2561142444610596	7.814674377441406
1512060503457	0.19153612852096558	2.911349296569824	8.619126319885254
1512060503470	-0.15322890877723694	2.6431987285614014	9.078812599182129
1512060503483	-0.2298433631658554	2.3367409706115723	9.385271072387695
1512060503496	0.1149216815829277	2.1068975925445557	9.346963882446289
1512060503512	0.38307225704193115	1.723825216293335	9.078812599182129
1512060503526	0.7661445140838623	1.647210717201233	8.887276649475098
1512060503540	1.1492167711257935	1.3024457693099976	10.15141487121582
1512060503553	1.3407529592514038	1.4939818382263184	9.84495735168457
1512060503566	1.1109095811843872	1.723825216293335	9.730035781860352
1512060503579	0.5363011956214905	2.3750481605529785	9.385271072387695
1512060503592	-0.07661445438861847	2.873042106628418	8.848969459533691
1512060503605	0.15322890877723694	2.6431987285614014	8.848969459533691
1512060503618	0.2298433631658554	2.4133553504943848	8.887276649475098
1512060503632	0.4596867263317108	2.2218191623687744	9.27034854888916
1512060503646	0.6129156351089478	2.2218191623687744	9.232041358947754
1512060503659	0.6512228846549988	2.030282974243164	9.27034854888916
1512060503671	0.5746083855628967	2.0685901641845703	9.078812599182129
1512060503685	0.38307225704193115	2.0685901641845703	9.002198219299316
1512060503702	0.3064578175544739	2.1068975925445557	8.887276649475098
1512060503715	0.3447650372982025	1.9153614044189453	9.002198219299316
1512060503728	0.26815059781074524	1.9536685943603516	9.117119789123535
1512060503742	0.07661445438861847	1.8770540952682495	9.27034854888916
1512060503755	0.07661445438861847	1.8770540952682495	9.27034854888916
1512060503768	0.15322890877723694	1.9536685943603516	9.193734169006348
1512060503782	0.19153612852096558	1.9536685943603516	9.232041358947754
1512060503795	0.19153612852096558	2.0685901641845703	9.117119789123535
1512060503808	0.15322890877723694	2.2218191623687744	9.308655738830566
1512060503822	0.19153612852096558	2.183511972427368	9.27034854888916
1512060503835	0.038307227194309235	2.1068975925445557	9.232041358947754
1512060503848	-0.1149216815829277	2.1068975925445557	9.27034854888916
1512060503865	-0.07661445438861847	2.1068975925445557	9.155426979064941
1512060503878	0.0	2.030282974243164	9.117119789123535
1512060503891	0.038307227194309235	2.0685901641845703	9.193734169006348
1512060503905	0.0	1.9919757843017578	9.193734169006348
1512060503918	0.038307227194309235	2.030282974243164	9.232041358947754
1512060503932	0.07661445438861847	1.9919757843017578	9.002198219299316
1512060503948	0.19153612852096558	1.9536685943603516	9.002198219299316
1512060503961	0.26815059781074524	1.9536685943603516	9.193734169006348
1512060503975	0.3064578175544739	1.9536685943603516	9.27034854888916
