Trial:	Sub01SeatedPull_accelerometer_t5.txt
Phone/Tablet Model:	HUAWEI BLN-L24
Sensor Information
Name:	STMicroelectronics accelerometer-lis3dh
Maximum Range:	78.4532m/s²
Resolution:	0.009576807m/s²

Generated by SensorData, Version1.5.2
Author: Vipul Lugade
Email: SensorDataHelp@gmail.com
Website: www.matlabgeeks.com

Time	X	Y	Z
1512060670709	2.3367409706115723	2.3750481605529785	8.65743350982666
1512060670728	2.298433542251587	2.4133553504943848	8.504204750061035
1512060670748	2.4899697303771973	2.2601263523101807	8.772355079650879
1512060670768	2.5665841102600098	2.145204782485962	9.002198219299316
1512060670788	2.4899697303771973	2.298433542251587	9.193734169006348
1512060670808	2.6431987285614014	2.183511972427368	9.040505409240723
1512060670828	2.451662540435791	2.3750481605529785	8.619126319885254
1512060670867	2.2218191623687744	2.4899697303771973	8.734047889709473
1512060670883	2.2601263523101807	2.4133553504943848	8.96389102935791
1512060670900	2.4133553504943848	2.2601263523101807	9.040505409240723
1512060670951	2.3367409706115723	2.298433542251587	9.155426979064941
1512060671026	2.145204782485962	2.5282769203186035	9.040505409240723
1512060671137	2.145204782485962	2.4899697303771973	8.734047889709473
1512060671292	2.2218191623687744	2.5665841102600098	8.159439086914062
1512060671315	2.2218191623687744	2.5665841102600098	8.006210327148438
1512060671328	2.3750481605529785	2.604891538619995	8.274360656738281
1512060671344	2.7964274883270264	2.604891538619995	8.810662269592285
1512060671367	2.6815059185028076	2.6815059185028076	8.96389102935791
1512060671389	2.5665841102600098	2.8347349166870117	8.734047889709473
1512060671413	2.75812029838562	2.873042106628418	8.542511940002441
1512060671440	2.911349296569824	2.9879636764526367	8.236053466796875
1512060671508	3.141192674636841	2.9879636764526367	8.274360656738281
1512060671647	3.2561142444610596	2.873042106628418	8.427590370178223
1512060671684	3.179499864578247	3.1028854846954346	8.389283180236816
1512060671700	2.9879636764526367	3.141192674636841	8.504204750061035
1512060671716	3.2178070545196533	3.2178070545196533	8.389283180236816
1512060671735	3.332728862762451	3.179499864578247	8.580819129943848
1512060671751	3.2561142444610596	3.332728862762451	8.542511940002441
1512060671768	3.4093432426452637	3.5242648124694824	8.65743350982666
1512060671782	4.098873138427734	4.175487995147705	7.967903137207031
1512060671804	4.213795185089111	5.094861030578613	7.086836814880371
1512060671837	3.3710360527038574	5.975927352905273	7.623138427734375
1512060671855	2.7964274883270264	6.550535678863525	7.8529815673828125
1512060671888	2.604891538619995	7.508216381072998	7.1251444816589355
1512060672025	3.294421434402466	8.159439086914062	5.51624059677124
1512060672085	3.6774938106536865	9.002198219299316	4.520252704620361
1512060672106	3.064578056335449	9.53849983215332	3.754108190536499
1512060672132	2.4133553504943848	9.806650161743164	3.4093432426452637
1512060672149	2.3750481605529785	10.036493301391602	3.2178070545196533
1512060672165	2.873042106628418	10.228029251098633	2.911349296569824
1512060672183	3.6774938106536865	9.806650161743164	2.911349296569824
1512060672203	3.600879430770874	9.346963882446289	3.7158010005950928
1512060672221	2.719813108444214	9.155426979064941	3.4093432426452637
1512060672242	2.4899697303771973	9.27034854888916	1.6089035272598267
1512060672271	3.1028854846954346	9.155426979064941	0.8427590131759644
1512060672310	3.869029998779297	8.619126319885254	1.8770540952682495
1512060672341	3.8307228088378906	8.542511940002441	2.4133553504943848
1512060672394	3.1028854846954346	9.27034854888916	0.9576807022094727
1512060672460	3.3710360527038574	9.615114212036133	0.0
1512060672521	4.941632270812988	9.117119789123535	0.6512228846549988
1512060672536	4.8267107009887695	8.887276649475098	1.455674648284912
1512060672555	4.788403511047363	9.002198219299316	0.727837324142456
1512060672585	5.631162166595459	8.465897560119629	0.26815059781074524
1512060672608	5.669469833374023	8.197746276855469	0.38307225704193115
1512060672628	4.9799394607543945	8.695740699768066	-0.49799394607543945
1512060672652	4.788403511047363	9.155426979064941	-2.719813108444214
1512060672676	5.056553840637207	9.117119789123535	-2.298433542251587
1512060672713	5.5545477867126465	8.504204750061035	-0.3447650372982025
1512060672766	6.129156112670898	7.967903137207031	1.2258312702178955
1512060672827	5.937620162963867	7.929595947265625	1.3024457693099976
1512060672882	4.903325080871582	8.006210327148438	0.07661445438861847
1512060672935	3.6774938106536865	8.044517517089844	-0.689530074596405
1512060672954	3.5625722408294678	8.044517517089844	-0.727837324142456
1512060672969	4.175487995147705	7.6997528076171875	-0.38307225704193115
1512060672985	4.443638324737549	7.661445617675781	0.3064578175544739
1512060673004	4.213795185089111	7.5848307609558105	0.19153612852096558
1512060673027	3.5242648124694824	7.623138427734375	-0.49799394607543945
1512060673046	3.294421434402466	7.469909191131592	-1.1109095811843872
1512060673074	3.5242648124694824	7.4316020011901855	-1.2258312702178955
1512060673098	3.6391866207122803	7.240066051483154	-0.9193734526634216
1512060673129	3.064578056335449	7.240066051483154	-0.727837324142456
1512060673191	2.911349296569824	7.240066051483154	-1.455674648284912
1512060673325	3.1028854846954346	7.6997528076171875	-2.5665841102600098
1512060673341	2.911349296569824	7.8529815673828125	-3.064578056335449
1512060673357	2.75812029838562	7.661445617675781	-1.9536685943603516
1512060673374	2.9496564865112305	7.7763671875	-1.5322890281677246
1512060673398	3.2561142444610596	7.891288757324219	-1.5322890281677246
1512060673423	3.026270866394043	7.814674377441406	-1.1492167711257935
1512060673453	2.0685901641845703	7.7763671875	-0.5746083855628967
1512060673479	2.5282769203186035	7.6997528076171875	-0.4596867263317108
1512060673513	3.2178070545196533	7.623138427734375	-0.8810662031173706
1512060673551	2.5665841102600098	7.5848307609558105	-0.7661445140838623
1512060673572	1.3407529592514038	7.814674377441406	0.07661445438861847
1512060673645	1.072602391242981	8.504204750061035	-0.8810662031173706
1512060673674	1.072602391242981	9.040505409240723	-2.604891538619995
1512060673698	1.1109095811843872	9.155426979064941	-1.3407529592514038
1512060673713	1.4939818382263184	9.155426979064941	0.7661445140838623
1512060673732	1.8387469053268433	9.346963882446289	0.689530074596405
1512060673753	1.8387469053268433	9.691728591918945	-0.727837324142456
1512060673766	1.7621324062347412	9.691728591918945	-2.451662540435791
1512060673781	0.9959878921508789	10.113107681274414	-3.2178070545196533
1512060673799	1.1492167711257935	10.802638053894043	-1.9536685943603516
1512060673815	1.9153614044189453	10.994174003601074	-0.9959878921508789
1512060673844	1.4173674583435059	10.457873344421387	-1.3407529592514038
1512060673871	0.9959878921508789	10.074800491333008	-1.8387469053268433
1512060673888	1.2258312702178955	9.883264541625977	-0.9193734526634216
1512060673919	2.2218191623687744	9.883264541625977	1.37906014919281
1512060673953	1.8387469053268433	9.806650161743164	1.647210717201233
1512060674001	1.2258312702178955	9.500192642211914	0.7661445140838623
1512060674105	1.37906014919281	9.959878921508789	0.1149216815829277
1512060674117	2.3750481605529785	10.496180534362793	0.8427590131759644
1512060674158	2.8347349166870117	10.457873344421387	1.6089035272598267
1512060674179	2.873042106628418	10.304644584655762	1.4939818382263184
1512060674208	2.2218191623687744	10.15141487121582	0.07661445438861847
1512060674237	2.5282769203186035	10.15141487121582	-0.8044517636299133
1512060674273	3.064578056335449	10.41956615447998	-0.9576807022094727
1512060674306	3.064578056335449	10.381258964538574	-0.9193734526634216
1512060674341	3.026270866394043	10.189722061157227	-0.8427590131759644
1512060674361	3.754108190536499	9.730035781860352	-0.5363011956214905
1512060674436	3.5625722408294678	9.423578262329102	-0.6512228846549988
1512060674468	2.6431987285614014	9.002198219299316	-0.689530074596405
1512060674485	2.4133553504943848	8.772355079650879	-0.15322890877723694
1512060674505	2.4899697303771973	8.772355079650879	0.3447650372982025
1512060674532	2.4133553504943848	8.925583839416504	0.49799394607543945
1512060674555	2.5282769203186035	9.117119789123535	0.5363011956214905
1512060674570	2.75812029838562	9.232041358947754	0.6512228846549988
1512060674584	2.8347349166870117	9.155426979064941	0.689530074596405
1512060674597	3.2561142444610596	9.308655738830566	0.8044517636299133
1512060674610	4.405331134796143	9.653421401977539	0.7661445140838623
1512060674623	4.750096321105957	10.189722061157227	-0.5746083855628967
1512060674636	4.022258758544922	9.768342971801758	-0.3064578175544739
1512060674649	3.5242648124694824	8.925583839416504	0.38307225704193115
1512060674662	3.5242648124694824	8.236053466796875	0.9193734526634216
1512060674675	3.2561142444610596	8.580819129943848	0.3447650372982025
1512060674688	3.44765043258667	9.117119789123535	-0.38307225704193115
1512060674702	2.5282769203186035	9.423578262329102	-0.38307225704193115
1512060674716	1.6855180263519287	9.193734169006348	0.0
1512060674729	1.9153614044189453	8.504204750061035	0.2298433631658554
1512060674743	0.8427590131759644	8.695740699768066	0.038307227194309235
1512060674756	0.8044517636299133	9.117119789123535	-0.6129156351089478
1512060674769	0.8044517636299133	9.576807022094727	-0.689530074596405
1512060674782	1.4173674583435059	9.806650161743164	0.15322890877723694
1512060674796	3.332728862762451	9.615114212036133	1.5322890281677246
1512060674809	2.9496564865112305	10.304644584655762	2.3750481605529785
1512060674822	2.719813108444214	11.30063247680664	1.6855180263519287
1512060674835	3.179499864578247	11.568782806396484	0.3447650372982025
1512060674848	2.4899697303771973	11.224017143249512	0.038307227194309235
1512060674861	2.911349296569824	10.457873344421387	0.1149216815829277
1512060674875	3.9456443786621094	10.036493301391602	0.49799394607543945
1512060674887	3.1028854846954346	10.84094524383545	0.9193734526634216
1512060674901	2.719813108444214	10.649409294128418	0.0
1512060674913	1.6855180263519287	10.342951774597168	-0.689530074596405
1512060674926	2.5665841102600098	9.078812599182129	-0.15322890877723694
1512060674939	3.3710360527038574	8.887276649475098	1.2641384601593018
1512060674952	2.5665841102600098	9.423578262329102	0.26815059781074524
1512060674965	2.6815059185028076	9.53849983215332	-1.3407529592514038
1512060674979	2.5282769203186035	9.308655738830566	-2.604891538619995
1512060674993	3.6391866207122803	8.810662269592285	-2.75812029838562
1512060675009	3.44765043258667	9.155426979064941	-1.072602391242981
1512060675023	3.2561142444610596	9.500192642211914	0.038307227194309235
1512060675036	3.600879430770874	9.155426979064941	0.19153612852096558
1512060675049	3.141192674636841	9.040505409240723	-0.6512228846549988
1512060675063	3.907337188720703	9.040505409240723	-2.9879636764526367
1512060675076	4.175487995147705	9.385271072387695	-3.6774938106536865
1512060675089	4.098873138427734	9.461885452270508	-2.5282769203186035
1512060675102	4.63517427444458	8.887276649475098	-0.38307225704193115
1512060675115	4.137180328369141	8.08282470703125	1.1109095811843872
1512060675128	3.7158010005950928	7.4316020011901855	0.3064578175544739
1512060675142	3.6774938106536865	7.1251444816589355	-0.3447650372982025
1512060675155	4.213795185089111	7.163451671600342	-0.8427590131759644
1512060675171	4.32871675491333	7.508216381072998	-1.1492167711257935
1512060675185	4.405331134796143	7.623138427734375	-0.8810662031173706
1512060675198	4.098873138427734	7.5848307609558105	-0.38307225704193115
1512060675211	3.907337188720703	7.393294811248779	0.038307227194309235
1512060675224	3.44765043258667	7.5848307609558105	-0.3447650372982025
1512060675237	3.294421434402466	7.738059997558594	-1.1109095811843872
1512060675250	2.9879636764526367	7.929595947265625	-1.0342950820922852
1512060675263	2.5665841102600098	8.08282470703125	-0.4596867263317108
1512060675277	2.6815059185028076	8.197746276855469	-0.38307225704193115
1512060675290	2.873042106628418	8.465897560119629	-0.9193734526634216
1512060675304	2.604891538619995	8.619126319885254	-1.723825216293335
1512060675315	2.4133553504943848	8.695740699768066	-1.800439715385437
1512060675329	2.604891538619995	8.695740699768066	-1.2258312702178955
1512060675343	2.6431987285614014	8.542511940002441	-0.8810662031173706
1512060675359	2.4133553504943848	8.65743350982666	-0.9193734526634216
1512060675372	2.3750481605529785	8.695740699768066	-1.2641384601593018
1512060675386	2.4133553504943848	8.504204750061035	-1.1492167711257935
1512060675398	2.604891538619995	8.35097599029541	-0.9959878921508789
1512060675412	3.2561142444610596	8.504204750061035	-1.0342950820922852
1512060675425	3.179499864578247	8.810662269592285	-1.5322890281677246
1512060675438	3.026270866394043	8.772355079650879	-1.9153614044189453
1512060675451	3.332728862762451	8.772355079650879	-1.9153614044189453
1512060675465	3.907337188720703	8.772355079650879	-1.723825216293335
1512060675478	4.481945514678955	8.504204750061035	-1.9153614044189453
1512060675492	4.175487995147705	8.35097599029541	-2.3750481605529785
1512060675509	3.6391866207122803	8.197746276855469	-2.145204782485962
1512060675523	3.6391866207122803	8.159439086914062	-1.2258312702178955
1512060675536	4.443638324737549	7.929595947265625	-0.2298433631658554
1512060675550	4.63517427444458	7.5848307609558105	1.647210717201233
1512060675563	3.6391866207122803	7.814674377441406	1.9153614044189453
1512060675576	2.3750481605529785	9.040505409240723	-3.064578056335449
1512060675589	2.2218191623687744	10.074800491333008	-7.4316020011901855
1512060675603	2.911349296569824	9.768342971801758	-7.316680431365967
1512060675616	3.3710360527038574	8.772355079650879	-3.44765043258667
1512060675630	3.1028854846954346	8.236053466796875	-1.4173674583435059
1512060675643	2.3367409706115723	8.044517517089844	-1.9919757843017578
1512060675655	1.8387469053268433	8.274360656738281	-3.2561142444610596
1512060675668	2.183511972427368	8.695740699768066	-3.2178070545196533
1512060675682	3.141192674636841	8.848969459533691	-3.026270866394043
1512060675698	2.5282769203186035	9.040505409240723	-2.9496564865112305
1512060675712	1.2641384601593018	9.232041358947754	-1.647210717201233
1512060675725	1.072602391242981	9.500192642211914	-1.072602391242981
1512060675739	1.8387469053268433	9.806650161743164	-2.5665841102600098
1512060675753	1.9536685943603516	9.691728591918945	-3.600879430770874
1512060675768	1.3407529592514038	9.500192642211914	-2.7964274883270264
1512060675783	0.6512228846549988	9.730035781860352	-1.37906014919281
1512060675799	0.19153612852096558	9.730035781860352	-2.183511972427368
1512060675817	0.19153612852096558	9.883264541625977	-3.064578056335449
1512060675831	0.689530074596405	9.883264541625977	-2.6815059185028076
1512060675847	1.4939818382263184	10.036493301391602	-2.183511972427368
1512060675861	1.8387469053268433	10.189722061157227	-1.9536685943603516
1512060675875	1.6855180263519287	9.768342971801758	-0.727837324142456
1512060675888	1.800439715385437	9.346963882446289	0.19153612852096558
1512060675905	1.9536685943603516	9.53849983215332	0.26815059781074524
1512060675919	2.2601263523101807	9.883264541625977	0.19153612852096558
1512060675933	2.183511972427368	9.959878921508789	-0.4213795065879822
1512060675947	1.6855180263519287	9.691728591918945	-1.5322890281677246
1512060675962	1.9536685943603516	9.768342971801758	-1.5705963373184204
1512060675976	2.75812029838562	9.576807022094727	-0.5746083855628967
1512060675989	3.3710360527038574	9.27034854888916	0.26815059781074524
1512060676004	3.44765043258667	9.117119789123535	-0.19153612852096558
1512060676019	2.9496564865112305	9.615114212036133	-2.0685901641845703
1512060676033	2.4899697303771973	9.768342971801758	-3.141192674636841
1512060676046	2.3367409706115723	9.308655738830566	-1.4939818382263184
1512060676059	2.3750481605529785	8.848969459533691	0.5363011956214905
1512060676073	2.145204782485962	9.193734169006348	1.1109095811843872
1512060676086	2.5665841102600098	9.232041358947754	-0.1149216815829277
1512060676099	1.9919757843017578	9.308655738830566	-1.1109095811843872
1512060676112	1.647210717201233	9.155426979064941	-1.1875240802764893
1512060676125	1.800439715385437	8.96389102935791	-0.3064578175544739
1512060676139	2.5665841102600098	9.002198219299316	0.26815059781074524
1512060676152	2.7964274883270264	9.27034854888916	-0.6129156351089478
1512060676166	2.5282769203186035	9.385271072387695	-2.5282769203186035
1512060676180	3.332728862762451	9.576807022094727	-2.298433542251587
1512060676193	4.022258758544922	9.883264541625977	-1.1109095811843872
1512060676206	3.9839515686035156	9.921571731567383	-0.4213795065879822
1512060676219	3.44765043258667	9.500192642211914	-0.9193734526634216
1512060676232	2.8347349166870117	8.96389102935791	-1.3024457693099976
1512060676246	2.6431987285614014	8.389283180236816	-1.1492167711257935
1512060676259	2.75812029838562	8.695740699768066	-0.2298433631658554
1512060676272	2.75812029838562	9.27034854888916	0.26815059781074524
1512060676285	2.6431987285614014	9.423578262329102	-0.3064578175544739
1512060676298	2.2218191623687744	9.308655738830566	-0.49799394607543945
1512060676313	2.9496564865112305	9.615114212036133	0.4213795065879822
1512060676326	3.1028854846954346	10.5344877243042	0.2298433631658554
1512060676339	2.604891538619995	10.687716484069824	-1.2258312702178955
1512060676353	1.3407529592514038	10.342951774597168	-2.1068975925445557
1512060676366	0.2298433631658554	9.691728591918945	-1.8387469053268433
1512060676380	0.38307225704193115	8.887276649475098	-0.9959878921508789
1512060676393	1.1492167711257935	9.117119789123535	-1.1492167711257935
1512060676406	0.8427590131759644	9.615114212036133	-2.7964274883270264
1512060676420	0.2298433631658554	9.615114212036133	-3.754108190536499
1512060676433	-0.26815059781074524	9.308655738830566	-1.9153614044189453
1512060676448	2.873042106628418	8.925583839416504	-0.8427590131759644
1512060676462	2.451662540435791	10.381258964538574	-3.485957622528076
1512060676474	0.8044517636299133	10.611102104187012	-5.899312973022461
1512060676488	1.8770540952682495	9.653421401977539	1.4939818382263184
1512060676501	4.213795185089111	9.500192642211914	6.129156112670898
1512060676515	3.44765043258667	10.917559623718262	1.5705963373184204
1512060676528	2.2218191623687744	12.02846908569336	-5.171475887298584
1512060676541	2.030282974243164	11.338939666748047	-6.473921298980713
1512060676555	2.3750481605529785	9.883264541625977	-0.49799394607543945
1512060676568	3.026270866394043	8.580819129943848	3.6774938106536865
1512060676581	1.9153614044189453	8.734047889709473	1.2641384601593018
1512060676596	1.9536685943603516	9.576807022094727	-4.32871675491333
1512060676609	2.030282974243164	9.691728591918945	-5.746084213256836
1512060676622	2.145204782485962	8.810662269592285	-2.5282769203186035
1512060676636	3.5625722408294678	7.738059997558594	0.8044517636299133
1512060676649	3.5625722408294678	7.814674377441406	0.5746083855628967
1512060676662	3.4093432426452637	8.619126319885254	-1.800439715385437
1512060676675	3.754108190536499	8.887276649475098	-3.7924153804779053
1512060676688	3.7158010005950928	8.65743350982666	-2.719813108444214
1512060676702	3.294421434402466	7.814674377441406	-0.3447650372982025
1512060676715	2.873042106628418	7.7763671875	1.1109095811843872
1512060676728	3.5242648124694824	7.967903137207031	-0.4596867263317108
1512060676743	3.8307228088378906	8.312667846679688	-3.2178070545196533
1512060676757	4.252102375030518	8.772355079650879	-4.443638324737549
1512060676771	4.865017890930176	8.734047889709473	-3.5242648124694824
1512060676788	5.631162166595459	8.044517517089844	0.8427590131759644
1512060676800	5.056553840637207	7.891288757324219	1.9536685943603516
1512060676815	4.252102375030518	7.7763671875	1.6855180263519287
1512060676828	4.022258758544922	7.891288757324219	1.4939818382263184
1512060676841	4.175487995147705	8.197746276855469	0.9959878921508789
1512060676855	4.290409564971924	8.389283180236816	-0.2298433631658554
1512060676868	3.600879430770874	8.619126319885254	-0.8044517636299133
1512060676882	3.1028854846954346	8.504204750061035	-0.9576807022094727
1512060676898	2.5665841102600098	8.35097599029541	-0.7661445140838623
1512060676911	2.3367409706115723	8.312667846679688	-0.6512228846549988
1512060676925	2.298433542251587	8.197746276855469	-0.49799394607543945
1512060676938	2.5665841102600098	8.542511940002441	-0.49799394607543945
1512060676951	2.6815059185028076	8.772355079650879	-0.9193734526634216
1512060676964	2.7964274883270264	8.695740699768066	-0.8427590131759644
1512060676977	2.9496564865112305	8.772355079650879	-0.727837324142456
1512060676991	3.1028854846954346	9.117119789123535	-1.1875240802764893
1512060677004	2.873042106628418	9.193734169006348	-1.723825216293335
1512060677017	2.3750481605529785	9.193734169006348	-1.4173674583435059
1512060677030	2.4133553504943848	8.925583839416504	-0.8427590131759644
1512060677044	2.6815059185028076	8.96389102935791	-0.7661445140838623
1512060677058	3.026270866394043	9.040505409240723	-1.4939818382263184
1512060677072	3.141192674636841	8.810662269592285	-0.8044517636299133
1512060677085	3.3710360527038574	8.695740699768066	0.5363011956214905
1512060677098	3.6774938106536865	9.040505409240723	-1.8387469053268433
1512060677111	3.44765043258667	9.308655738830566	-2.8347349166870117
1512060677124	3.4093432426452637	9.232041358947754	-1.6855180263519287
1512060677138	3.869029998779297	9.27034854888916	-1.1492167711257935
1512060677151	4.32871675491333	9.155426979064941	-2.298433542251587
1512060677164	4.252102375030518	9.002198219299316	-2.451662540435791
1512060677177	4.290409564971924	8.542511940002441	-1.5705963373184204
1512060677192	4.6734819412231445	8.08282470703125	-1.1875240802764893
1512060677205	5.1331682205200195	8.006210327148438	-1.6855180263519287
1512060677219	5.094861030578613	7.8529815673828125	-2.3750481605529785
1512060677232	3.9839515686035156	7.7763671875	-2.2601263523101807
1512060677245	3.064578056335449	7.814674377441406	-1.8387469053268433
1512060677258	3.141192674636841	7.738059997558594	-1.5705963373184204
1512060677271	2.911349296569824	7.967903137207031	-1.3024457693099976
1512060677285	2.451662540435791	8.312667846679688	-1.0342950820922852
1512060677298	2.1068975925445557	8.695740699768066	-1.9919757843017578
1512060677311	2.0685901641845703	8.772355079650879	-2.2601263523101807
1512060677325	2.298433542251587	8.389283180236816	-0.9193734526634216
1512060677337	2.2601263523101807	8.542511940002441	-0.038307227194309235
1512060677351	2.4899697303771973	8.734047889709473	-1.072602391242981
1512060677367	1.9536685943603516	8.772355079650879	-1.6089035272598267
1512060677381	1.1109095811843872	8.65743350982666	-0.9193734526634216
1512060677394	1.800439715385437	9.193734169006348	-1.647210717201233
1512060677407	2.183511972427368	9.385271072387695	-0.5363011956214905
1512060677421	2.3367409706115723	9.461885452270508	0.6129156351089478
1512060677434	2.4899697303771973	9.806650161743164	0.6129156351089478
1512060677447	2.8347349166870117	9.806650161743164	0.0
1512060677461	2.451662540435791	9.959878921508789	0.038307227194309235
1512060677474	2.030282974243164	9.84495735168457	1.0342950820922852
1512060677487	2.2218191623687744	9.806650161743164	1.37906014919281
1512060677500	2.5282769203186035	9.959878921508789	1.3024457693099976
1512060677515	2.298433542251587	9.959878921508789	1.2258312702178955
1512060677529	2.3367409706115723	9.768342971801758	1.4939818382263184
1512060677541	2.145204782485962	9.998186111450195	1.3024457693099976
1512060677554	1.7621324062347412	10.304644584655762	0.0
1512060677567	2.2218191623687744	10.189722061157227	-0.26815059781074524
1512060677581	2.6815059185028076	9.806650161743164	1.1492167711257935
1512060677594	2.719813108444214	9.615114212036133	2.2218191623687744
1512060677607	2.3750481605529785	9.53849983215332	2.030282974243164
1512060677620	2.1068975925445557	9.84495735168457	0.9193734526634216
1512060677633	2.3750481605529785	9.730035781860352	0.15322890877723694
1512060677647	2.6815059185028076	9.308655738830566	0.4213795065879822
1512060677659	2.75812029838562	9.155426979064941	1.7621324062347412
1512060677675	3.332728862762451	9.308655738830566	1.6089035272598267
1512060677689	3.294421434402466	9.53849983215332	-0.9576807022094727
1512060677703	2.911349296569824	9.040505409240723	-1.072602391242981
1512060677715	2.604891538619995	8.734047889709473	0.3447650372982025
1512060677729	3.1028854846954346	9.27034854888916	1.37906014919281
1512060677742	4.137180328369141	9.53849983215332	0.0
1512060677755	3.294421434402466	9.500192642211914	-1.455674648284912
1512060677769	2.451662540435791	9.002198219299316	-1.1109095811843872
1512060677781	2.911349296569824	8.887276649475098	1.9919757843017578
1512060677795	3.4093432426452637	8.810662269592285	2.4133553504943848
1512060677807	2.6815059185028076	8.427590370178223	0.5363011956214905
1512060677821	1.5322890281677246	7.929595947265625	-0.38307225704193115
1512060677837	1.8770540952682495	7.967903137207031	0.26815059781074524
1512060677851	2.6431987285614014	8.848969459533691	1.9919757843017578
1512060677868	3.6391866207122803	9.078812599182129	2.183511972427368
1512060677888	3.6774938106536865	9.27034854888916	0.4596867263317108
1512060677908	3.485957622528076	9.27034854888916	-1.1492167711257935
1512060677928	3.754108190536499	9.117119789123535	-0.6129156351089478
1512060677948	3.3710360527038574	9.53849983215332	1.647210717201233
1512060677968	3.44765043258667	9.308655738830566	2.030282974243164
1512060677988	3.141192674636841	9.078812599182129	1.2258312702178955
1512060678009	2.5282769203186035	8.772355079650879	0.3064578175544739
1512060678028	2.8347349166870117	8.580819129943848	0.19153612852096558
1512060678048	3.026270866394043	9.615114212036133	1.455674648284912
1512060678068	3.2561142444610596	10.15141487121582	1.723825216293335
1512060678088	1.9153614044189453	9.883264541625977	0.1149216815829277
1512060678108	0.8044517636299133	9.232041358947754	-1.5322890281677246
1512060678128	1.6855180263519287	8.848969459533691	-1.072602391242981
1512060678148	1.6855180263519287	9.53849983215332	0.38307225704193115
1512060678168	1.800439715385437	9.959878921508789	0.19153612852096558
1512060678188	1.2641384601593018	9.84495735168457	-0.3064578175544739
1512060678208	2.2601263523101807	9.117119789123535	0.26815059781074524
1512060678228	1.6089035272598267	9.117119789123535	1.3024457693099976
1512060678248	0.8810662031173706	9.768342971801758	0.3447650372982025
1512060678268	1.647210717201233	10.496180534362793	-1.6855180263519287
1512060678288	2.6431987285614014	10.304644584655762	-1.8770540952682495
1512060678308	4.022258758544922	9.615114212036133	0.9959878921508789
1512060678329	4.137180328369141	9.691728591918945	3.1028854846954346
1512060678348	4.6734819412231445	10.304644584655762	1.8770540952682495
1512060678368	4.788403511047363	10.84094524383545	-0.9193734526634216
1512060678388	4.098873138427734	10.496180534362793	-1.9919757843017578
1512060678408	4.443638324737549	9.346963882446289	-0.7661445140838623
1512060678428	4.367023944854736	8.772355079650879	1.2641384601593018
1512060678448	4.865017890930176	8.925583839416504	1.1875240802764893
1512060678468	5.094861030578613	9.117119789123535	0.49799394607543945
1512060678488	4.558559894561768	8.925583839416504	-0.15322890877723694
1512060678508	4.8267107009887695	8.35097599029541	-0.1149216815829277
1512060678528	3.869029998779297	8.312667846679688	-0.038307227194309235
1512060678548	3.6391866207122803	8.121131896972656	-0.4596867263317108
1512060678568	3.44765043258667	8.08282470703125	-0.4596867263317108
1512060678588	3.5242648124694824	8.159439086914062	-0.727837324142456
1512060678608	4.060565948486328	8.274360656738281	-0.3447650372982025
1512060678628	4.481945514678955	8.159439086914062	0.0
1512060678648	4.865017890930176	7.929595947265625	0.26815059781074524
1512060678668	4.32871675491333	8.006210327148438	0.26815059781074524
1512060678688	4.252102375030518	8.121131896972656	0.07661445438861847
1512060678708	4.6734819412231445	8.312667846679688	-0.4213795065879822
1512060678728	5.2480902671813965	8.465897560119629	-0.4596867263317108
1512060678748	5.20978307723999	8.65743350982666	-0.6129156351089478
1512060678768	5.094861030578613	8.389283180236816	-1.1109095811843872
1512060678788	5.056553840637207	8.542511940002441	-0.9193734526634216
1512060678808	4.941632270812988	8.35097599029541	-0.3064578175544739
1512060678828	4.558559894561768	8.236053466796875	0.4596867263317108
1512060678848	4.405331134796143	8.08282470703125	-0.15322890877723694
1512060678868	3.9839515686035156	7.967903137207031	-0.6129156351089478
1512060678888	3.8307228088378906	8.006210327148438	-0.6512228846549988
1512060678908	3.600879430770874	8.08282470703125	-0.1149216815829277
1512060678929	3.5242648124694824	7.929595947265625	-0.07661445438861847
1512060678948	3.4093432426452637	8.159439086914062	-0.8427590131759644
1512060678968	3.4093432426452637	8.35097599029541	-1.6089035272598267
1512060678988	3.754108190536499	8.159439086914062	-0.8044517636299133
1512060679008	4.63517427444458	7.929595947265625	0.1149216815829277
1512060679028	5.171475887298584	8.044517517089844	-0.19153612852096558
1512060679048	4.903325080871582	8.274360656738281	-1.8770540952682495
1512060679068	4.175487995147705	8.274360656738281	-2.145204782485962
1512060679088	4.175487995147705	7.623138427734375	-0.9193734526634216
1512060679108	4.290409564971924	7.240066051483154	0.1149216815829277
1512060679128	3.485957622528076	7.393294811248779	-0.15322890877723694
1512060679148	2.9879636764526367	7.8529815673828125	-1.455674648284912
1512060679168	3.1028854846954346	8.121131896972656	-1.9153614044189453
1512060679188	3.3710360527038574	8.159439086914062	-1.5705963373184204
1512060679208	3.44765043258667	8.121131896972656	-0.9959878921508789
1512060679229	2.9879636764526367	8.274360656738281	-1.2258312702178955
1512060679248	3.179499864578247	8.810662269592285	-1.6089035272598267
1512060679268	3.6391866207122803	9.117119789123535	-2.145204782485962
1512060679288	3.3710360527038574	9.232041358947754	-2.7964274883270264
1512060679308	2.4899697303771973	9.002198219299316	-2.6431987285614014
1512060679328	1.800439715385437	9.078812599182129	-0.7661445140838623
1512060679348	2.75812029838562	9.53849983215332	0.8044517636299133
1512060679368	3.7924153804779053	10.15141487121582	-0.26815059781074524
1512060679388	3.332728862762451	10.41956615447998	-1.800439715385437
1512060679408	3.064578056335449	9.921571731567383	-1.2258312702178955
1512060679428	3.026270866394043	9.346963882446289	0.2298433631658554
1512060679448	2.9879636764526367	9.346963882446289	-0.6129156351089478
1512060679468	2.2218191623687744	9.500192642211914	-2.145204782485962
1512060679488	1.800439715385437	9.423578262329102	-2.8347349166870117
1512060679508	2.2218191623687744	9.53849983215332	-1.800439715385437
1512060679528	3.9456443786621094	10.036493301391602	0.26815059781074524
1512060679548	3.7158010005950928	10.72602367401123	0.6512228846549988
1512060679568	1.6855180263519287	10.802638053894043	-1.647210717201233
1512060679588	0.15322890877723694	10.036493301391602	-2.911349296569824
1512060679609	0.1149216815829277	9.346963882446289	-2.0685901641845703
1512060679628	1.072602391242981	9.346963882446289	-0.6129156351089478
1512060679648	1.800439715385437	9.883264541625977	0.4596867263317108
1512060679668	1.1109095811843872	9.921571731567383	0.0
1512060679688	0.49799394607543945	9.500192642211914	-1.37906014919281
1512060679708	0.9193734526634216	8.925583839416504	-1.6855180263519287
1512060679728	2.0685901641845703	9.232041358947754	-0.5746083855628967
1512060679748	2.911349296569824	10.189722061157227	-0.689530074596405
1512060679768	2.5665841102600098	10.611102104187012	-2.0685901641845703
1512060679788	1.800439715385437	9.806650161743164	-1.800439715385437
1512060679809	1.37906014919281	9.040505409240723	-1.072602391242981
1512060679828	1.7621324062347412	9.040505409240723	-0.4213795065879822
1512060679848	1.9153614044189453	9.53849983215332	-0.19153612852096558
1512060679868	0.4596867263317108	9.730035781860352	-2.0685901641845703
1512060679888	-0.3447650372982025	9.117119789123535	-2.604891538619995
1512060679908	0.4213795065879822	8.389283180236816	-0.9193734526634216
1512060679928	1.647210717201233	8.772355079650879	0.7661445140838623
1512060679948	2.030282974243164	9.576807022094727	0.727837324142456
1512060679968	2.451662540435791	10.15141487121582	0.26815059781074524
1512060679988	3.6391866207122803	9.806650161743164	0.6512228846549988
1512060680008	3.7924153804779053	9.500192642211914	1.9536685943603516
1512060680028	2.9879636764526367	9.155426979064941	2.5282769203186035
1512060680048	2.451662540435791	9.385271072387695	1.647210717201233
1512060680068	1.9153614044189453	9.500192642211914	-0.2298433631658554
1512060680088	1.723825216293335	9.308655738830566	-0.9193734526634216
1512060680108	2.183511972427368	9.423578262329102	-0.5746083855628967
1512060680128	1.9536685943603516	9.53849983215332	-0.15322890877723694
1512060680148	1.37906014919281	9.461885452270508	-0.727837324142456
1512060680168	0.7661445140838623	9.27034854888916	-0.9576807022094727
1512060680188	1.647210717201233	8.695740699768066	-0.19153612852096558
1512060680208	2.911349296569824	9.117119789123535	0.5746083855628967
1512060680228	2.145204782485962	10.15141487121582	-0.727837324142456
1512060680248	1.5322890281677246	10.649409294128418	-2.604891538619995
1512060680268	0.5746083855628967	10.304644584655762	-3.1028854846954346
1512060680288	0.2298433631658554	9.193734169006348	-1.2258312702178955
1512060680308	2.030282974243164	8.810662269592285	2.2601263523101807
1512060680328	1.8387469053268433	10.611102104187012	-0.9576807022094727
1512060680348	1.5322890281677246	11.338939666748047	-5.592854976654053
1512060680368	0.689530074596405	10.802638053894043	-3.6391866207122803
1512060680388	0.7661445140838623	9.653421401977539	0.9959878921508789
1512060680408	1.4939818382263184	9.27034854888916	1.1109095811843872
1512060680428	1.4173674583435059	9.921571731567383	-1.5322890281677246
1512060680448	2.183511972427368	10.113107681274414	-1.800439715385437
1512060680468	2.6431987285614014	9.998186111450195	-0.26815059781074524
1512060680488	2.3367409706115723	9.691728591918945	-0.038307227194309235
1512060680508	2.7964274883270264	9.883264541625977	-1.9536685943603516
1512060680528	3.2561142444610596	10.074800491333008	-1.3407529592514038
1512060680548	2.9879636764526367	9.730035781860352	1.455674648284912
1512060680568	2.5282769203186035	9.27034854888916	2.1068975925445557
1512060680588	2.1068975925445557	9.385271072387695	-0.8427590131759644
1512060680608	2.75812029838562	9.730035781860352	-3.600879430770874
1512060680629	3.064578056335449	9.768342971801758	-2.604891538619995
1512060680648	2.75812029838562	9.576807022094727	0.038307227194309235
1512060680668	2.8347349166870117	9.155426979064941	1.072602391242981
1512060680688	2.3367409706115723	9.308655738830566	-0.6512228846549988
1512060680708	3.141192674636841	9.232041358947754	-2.75812029838562
1512060680728	2.9879636764526367	8.925583839416504	-2.030282974243164
1512060680748	2.3367409706115723	8.274360656738281	0.038307227194309235
1512060680768	2.0685901641845703	8.197746276855469	0.5363011956214905
1512060680788	2.9496564865112305	8.695740699768066	-1.37906014919281
1512060680808	3.44765043258667	8.619126319885254	-1.723825216293335
1512060680828	2.911349296569824	8.274360656738281	-0.689530074596405
1512060680848	2.911349296569824	8.044517517089844	-0.38307225704193115
1512060680868	3.294421434402466	7.6997528076171875	0.26815059781074524
1512060680888	4.098873138427734	7.508216381072998	0.6129156351089478
1512060680908	3.9456443786621094	8.006210327148438	-0.3447650372982025
1512060680928	3.907337188720703	8.236053466796875	-1.1875240802764893
1512060680949	4.175487995147705	8.427590370178223	-0.26815059781074524
1512060680968	4.558559894561768	8.427590370178223	0.4596867263317108
1512060680988	4.137180328369141	8.389283180236816	0.1149216815829277
1512060681008	3.485957622528076	8.542511940002441	-0.4596867263317108
1512060681028	3.2561142444610596	8.580819129943848	-1.1492167711257935
1512060681048	3.1028854846954346	8.695740699768066	-0.727837324142456
1512060681068	2.911349296569824	8.734047889709473	-0.5363011956214905
1512060681088	2.3750481605529785	8.695740699768066	-0.689530074596405
1512060681108	2.5665841102600098	8.810662269592285	-1.1109095811843872
1512060681128	2.604891538619995	9.002198219299316	-1.072602391242981
1512060681148	2.8347349166870117	8.96389102935791	-0.9193734526634216
1512060681168	2.75812029838562	9.078812599182129	-0.727837324142456
1512060681188	2.8347349166870117	9.040505409240723	-0.8810662031173706
1512060681208	2.7964274883270264	9.193734169006348	-1.455674648284912
1512060681228	2.75812029838562	9.308655738830566	-1.2641384601593018
1512060681248	3.2178070545196533	9.117119789123535	-0.689530074596405
1512060681269	3.485957622528076	9.155426979064941	-0.4213795065879822
1512060681288	3.754108190536499	9.423578262329102	-1.3024457693099976
1512060681308	3.7158010005950928	9.27034854888916	-1.8387469053268433
1512060681328	3.485957622528076	8.887276649475098	-0.8427590131759644
1512060681348	3.9456443786621094	8.580819129943848	0.5746083855628967
1512060681368	4.213795185089111	8.619126319885254	0.1149216815829277
1512060681388	4.32871675491333	8.65743350982666	-0.689530074596405
1512060681408	3.9839515686035156	8.734047889709473	-1.2641384601593018
1512060681428	3.6774938106536865	8.619126319885254	-1.9919757843017578
1512060681448	2.9496564865112305	8.772355079650879	-2.3750481605529785
1512060681468	2.911349296569824	8.312667846679688	-1.9153614044189453
1512060681488	2.3367409706115723	8.159439086914062	-1.1875240802764893
1512060681508	1.647210717201233	7.929595947265625	-0.8810662031173706
1512060681528	1.4173674583435059	8.312667846679688	-1.455674648284912
1512060681548	1.9919757843017578	8.619126319885254	-1.37906014919281
1512060681568	2.5665841102600098	8.772355079650879	-1.1109095811843872
1512060681589	2.5282769203186035	8.887276649475098	-1.072602391242981
1512060681608	2.145204782485962	8.772355079650879	-1.072602391242981
1512060681628	2.0685901641845703	8.772355079650879	-1.3407529592514038
1512060681648	3.026270866394043	9.040505409240723	-1.6855180263519287
1512060681668	2.873042106628418	8.96389102935791	-1.3024457693099976
1512060681688	1.6855180263519287	8.96389102935791	0.49799394607543945
1512060681708	1.9153614044189453	8.887276649475098	-0.8427590131759644
1512060681728	2.145204782485962	9.385271072387695	-2.6431987285614014
1512060681748	2.3367409706115723	9.53849983215332	-3.026270866394043
1512060681768	2.145204782485962	9.84495735168457	-1.9919757843017578
1512060681788	1.647210717201233	9.883264541625977	-1.7621324062347412
1512060681808	1.0342950820922852	9.806650161743164	-2.7964274883270264
1512060681828	0.4596867263317108	9.576807022094727	-3.44765043258667
1512060681848	0.3064578175544739	9.53849983215332	-2.75812029838562
1512060681868	0.9193734526634216	9.423578262329102	-1.9536685943603516
1512060681888	0.8427590131759644	9.423578262329102	-0.6129156351089478
1512060681908	0.8044517636299133	9.308655738830566	0.07661445438861847
1512060681928	0.8810662031173706	9.653421401977539	-0.4596867263317108
1512060681948	1.3407529592514038	10.189722061157227	-1.723825216293335
1512060681968	1.723825216293335	10.074800491333008	-1.647210717201233
1512060681988	2.030282974243164	9.84495735168457	0.0
1512060682008	1.9919757843017578	9.730035781860352	0.1149216815829277
1512060682028	1.4173674583435059	10.342951774597168	-2.1068975925445557
1512060682048	1.4939818382263184	10.266336441040039	-4.481945514678955
1512060682068	1.8387469053268433	9.883264541625977	-3.8307228088378906
1512060682088	2.6815059185028076	9.232041358947754	-1.7621324062347412
1512060682108	2.1068975925445557	9.27034854888916	-1.2258312702178955
1512060682128	1.7621324062347412	9.461885452270508	-3.026270866394043
1512060682148	1.800439715385437	9.27034854888916	-2.8347349166870117
1512060682168	1.7621324062347412	9.232041358947754	-0.4596867263317108
1512060682188	1.8387469053268433	9.615114212036133	1.2641384601593018
1512060682208	1.8387469053268433	9.998186111450195	0.5746083855628967
1512060682228	1.4173674583435059	10.304644584655762	-1.1109095811843872
1512060682248	1.3407529592514038	9.921571731567383	-1.5705963373184204
1512060682268	2.030282974243164	9.423578262329102	-0.26815059781074524
1512060682288	2.145204782485962	9.691728591918945	1.4173674583435059
1512060682308	2.3367409706115723	9.84495735168457	1.3024457693099976
1512060682328	2.0685901641845703	9.921571731567383	-0.727837324142456
1512060682348	2.451662540435791	9.27034854888916	-2.5665841102600098
1512060682368	2.2601263523101807	8.848969459533691	-2.3367409706115723
1512060682388	2.0685901641845703	8.772355079650879	-0.8427590131759644
1512060682408	2.2218191623687744	8.65743350982666	0.38307225704193115
1512060682428	2.6431987285614014	8.887276649475098	0.0
1512060682448	2.9879636764526367	9.193734169006348	-1.8770540952682495
1512060682468	2.7964274883270264	9.461885452270508	-2.4899697303771973
1512060682489	2.719813108444214	9.461885452270508	-1.3024457693099976
1512060682508	2.5282769203186035	9.27034854888916	0.3064578175544739
1512060682528	1.9153614044189453	9.691728591918945	0.4596867263317108
1512060682548	1.2641384601593018	9.84495735168457	-0.8427590131759644
1512060682568	0.5363011956214905	9.653421401977539	-1.7621324062347412
1512060682588	-0.038307227194309235	8.08282470703125	-1.072602391242981
1512060682608	0.8427590131759644	8.772355079650879	-0.3447650372982025
1512060682628	2.6431987285614014	9.959878921508789	-1.4173674583435059
1512060682648	3.294421434402466	10.72602367401123	-1.9919757843017578
1512060682668	2.3750481605529785	10.496180534362793	-1.9153614044189453
1512060682688	1.5705963373184204	9.385271072387695	-0.5746083855628967
1512060682708	2.298433542251587	9.002198219299316	1.1492167711257935
1512060682728	1.6089035272598267	9.500192642211914	1.3407529592514038
1512060682748	1.5322890281677246	10.036493301391602	-0.19153612852096558
1512060682768	0.9576807022094727	10.266336441040039	-1.723825216293335
1512060682788	1.3024457693099976	9.806650161743164	-1.9536685943603516
1512060682808	2.5282769203186035	9.308655738830566	0.727837324142456
1512060682828	1.9536685943603516	9.768342971801758	2.9496564865112305
1512060682848	2.0685901641845703	10.074800491333008	1.4173674583435059
1512060682868	1.8387469053268433	10.649409294128418	-2.2601263523101807
1512060682888	3.026270866394043	10.074800491333008	-3.5242648124694824
1512060682908	3.485957622528076	9.730035781860352	-1.0342950820922852
1512060682928	2.5282769203186035	9.691728591918945	0.3064578175544739
1512060682948	2.4899697303771973	9.768342971801758	-1.7621324062347412
1512060682968	2.4899697303771973	10.036493301391602	-4.32871675491333
1512060682988	2.3367409706115723	9.998186111450195	-4.481945514678955
1512060683008	2.2601263523101807	9.423578262329102	-3.026270866394043
1512060683028	2.183511972427368	9.078812599182129	-1.0342950820922852
1512060683048	2.4899697303771973	9.232041358947754	-1.1109095811843872
1512060683068	3.1028854846954346	9.653421401977539	-1.5705963373184204
1512060683088	2.873042106628418	9.615114212036133	-2.3367409706115723
1512060683108	3.179499864578247	9.193734169006348	-1.9153614044189453
1512060683128	3.5242648124694824	8.619126319885254	0.8427590131759644
1512060683148	3.6391866207122803	8.619126319885254	2.911349296569824
1512060683168	3.141192674636841	9.346963882446289	-1.1109095811843872
1512060683188	2.75812029838562	9.883264541625977	-3.9839515686035156
1512060683208	2.7964274883270264	9.461885452270508	-3.4093432426452637
1512060683229	2.5665841102600098	8.810662269592285	-1.455674648284912
1512060683248	2.4133553504943848	8.274360656738281	-0.4213795065879822
1512060683268	1.9536685943603516	8.197746276855469	-0.2298433631658554
1512060683288	2.183511972427368	8.159439086914062	-0.8810662031173706
1512060683308	2.3750481605529785	8.465897560119629	-1.4939818382263184
1512060683328	2.2601263523101807	8.389283180236816	-1.800439715385437
1512060683348	2.1068975925445557	8.427590370178223	-1.2258312702178955
1512060683368	2.3367409706115723	8.312667846679688	-0.8427590131759644
1512060683388	2.719813108444214	8.159439086914062	-0.7661445140838623
1512060683408	2.7964274883270264	8.427590370178223	-1.072602391242981
1512060683428	2.5665841102600098	8.734047889709473	-1.723825216293335
1512060683449	2.8347349166870117	8.848969459533691	-1.8387469053268433
1512060683468	2.873042106628418	8.734047889709473	-1.3407529592514038
1512060683488	2.6815059185028076	8.65743350982666	-0.8427590131759644
1512060683508	2.4899697303771973	8.810662269592285	-1.1492167711257935
1512060683528	2.298433542251587	8.887276649475098	-1.5705963373184204
1512060683548	2.2218191623687744	8.96389102935791	-1.4939818382263184
1512060683568	2.451662540435791	8.96389102935791	-1.1109095811843872
1512060683588	2.4899697303771973	9.002198219299316	-1.4939818382263184
1512060683608	2.183511972427368	8.96389102935791	-1.8387469053268433
1512060683628	2.183511972427368	8.848969459533691	-1.9536685943603516
1512060683648	2.183511972427368	8.772355079650879	-1.6089035272598267
1512060683668	2.5665841102600098	8.619126319885254	-1.2641384601593018
1512060683688	2.5665841102600098	8.580819129943848	-1.3407529592514038
1512060683708	2.8347349166870117	8.695740699768066	-1.4939818382263184
1512060683728	3.2561142444610596	8.619126319885254	-1.8770540952682495
1512060683748	3.1028854846954346	8.580819129943848	-2.298433542251587
1512060683768	2.4899697303771973	8.236053466796875	-1.8387469053268433
1512060683788	2.3367409706115723	8.121131896972656	-0.4596867263317108
1512060683808	2.873042106628418	8.312667846679688	-0.07661445438861847
1512060683828	3.4093432426452637	8.542511940002441	-1.1109095811843872
1512060683848	2.6815059185028076	8.504204750061035	-2.6431987285614014
1512060683868	1.9536685943603516	8.695740699768066	-2.873042106628418
1512060683888	1.8387469053268433	8.65743350982666	-2.3750481605529785
1512060683911	2.6431987285614014	8.65743350982666	-1.3407529592514038
1512060683928	2.8347349166870117	8.580819129943848	-1.1492167711257935
1512060683948	1.2641384601593018	8.96389102935791	-2.2218191623687744
1512060683968	1.723825216293335	9.155426979064941	-2.719813108444214
1512060683988	2.719813108444214	9.346963882446289	-2.3750481605529785
1512060684008	2.9879636764526367	9.308655738830566	-1.455674648284912
1512060684028	3.179499864578247	9.040505409240723	-0.689530074596405
1512060684048	2.873042106628418	8.810662269592285	-0.5363011956214905
1512060684068	2.451662540435791	8.580819129943848	-0.3064578175544739
1512060684088	2.75812029838562	8.65743350982666	-0.26815059781074524
1512060684108	3.44765043258667	9.193734169006348	-0.26815059781074524
1512060684128	2.873042106628418	9.385271072387695	-1.455674648284912
1512060684148	1.6855180263519287	8.925583839416504	-2.183511972427368
1512060684168	1.1875240802764893	8.619126319885254	-1.3407529592514038
1512060684188	1.800439715385437	8.887276649475098	-1.0342950820922852
1512060684208	2.3750481605529785	9.768342971801758	-1.7621324062347412
1512060684228	1.0342950820922852	10.381258964538574	-2.9496564865112305
1512060684248	0.5746083855628967	10.41956615447998	-2.9879636764526367
1512060684268	1.5705963373184204	10.304644584655762	-1.9536685943603516
1512060684288	1.8770540952682495	10.5344877243042	-1.37906014919281
1512060684308	1.7621324062347412	10.381258964538574	-1.072602391242981
1512060684328	1.5705963373184204	10.036493301391602	-0.49799394607543945
1512060684348	1.800439715385437	9.730035781860352	0.19153612852096558
1512060684368	2.183511972427368	9.576807022094727	0.038307227194309235
1512060684388	1.6855180263519287	9.53849983215332	-0.5746083855628967
1512060684408	1.647210717201233	9.576807022094727	-0.3447650372982025
1512060684428	1.723825216293335	9.806650161743164	0.2298433631658554
1512060684448	2.183511972427368	9.84495735168457	-0.038307227194309235
1512060684468	1.8387469053268433	9.998186111450195	-1.37906014919281
1512060684488	2.0685901641845703	9.921571731567383	-1.4939818382263184
1512060684508	1.9536685943603516	9.730035781860352	-0.8044517636299133
1512060684528	2.145204782485962	9.691728591918945	-0.7661445140838623
1512060684548	3.600879430770874	9.959878921508789	-1.4939818382263184
1512060684568	4.290409564971924	10.496180534362793	-1.1492167711257935
1512060684588	3.7924153804779053	10.41956615447998	0.3064578175544739
1512060684608	3.5625722408294678	9.883264541625977	1.5705963373184204
1512060684628	3.141192674636841	9.691728591918945	1.6089035272598267
1512060684648	2.3750481605529785	9.730035781860352	0.26815059781074524
1512060684668	1.647210717201233	9.653421401977539	-0.6129156351089478
1512060684688	1.0342950820922852	9.385271072387695	-1.5705963373184204
1512060684708	0.49799394607543945	9.346963882446289	-1.9919757843017578
1512060684728	0.5746083855628967	9.002198219299316	-1.1492167711257935
1512060684748	0.8044517636299133	8.848969459533691	0.3064578175544739
1512060684768	0.7661445140838623	8.580819129943848	1.7621324062347412
1512060684788	0.7661445140838623	8.65743350982666	1.1492167711257935
1512060684808	1.1875240802764893	9.155426979064941	0.19153612852096558
1512060684828	1.4939818382263184	9.155426979064941	-0.49799394607543945
1512060684848	2.451662540435791	8.848969459533691	-0.2298433631658554
1512060684868	2.3750481605529785	9.232041358947754	0.038307227194309235
1512060684888	2.2601263523101807	9.461885452270508	0.38307225704193115
1512060684908	1.9536685943603516	9.385271072387695	0.4596867263317108
1512060684928	1.800439715385437	9.002198219299316	-0.4596867263317108
1512060684948	2.1068975925445557	8.580819129943848	-1.3024457693099976
1512060684968	1.5705963373184204	8.848969459533691	-1.2258312702178955
1512060684989	1.2641384601593018	9.232041358947754	0.07661445438861847
1512060685008	1.1492167711257935	9.346963882446289	0.9576807022094727
1512060685028	0.6129156351089478	9.308655738830566	0.4213795065879822
1512060685048	1.2641384601593018	8.925583839416504	-0.7661445140838623
1512060685068	0.8427590131759644	9.806650161743164	-0.4596867263317108
1512060685088	1.7621324062347412	10.955866813659668	0.38307225704193115
1512060685108	3.179499864578247	11.262324333190918	0.49799394607543945
1512060685128	1.6855180263519287	11.338939666748047	-0.38307225704193115
1512060685148	2.183511972427368	10.189722061157227	-1.723825216293335
1512060685168	1.8387469053268433	10.036493301391602	-1.072602391242981
1512060685188	1.3407529592514038	10.611102104187012	0.1149216815829277
1512060685208	1.9919757843017578	10.496180534362793	-0.6129156351089478
1512060685228	0.8427590131759644	10.611102104187012	-1.5705963373184204
1512060685248	2.145204782485962	9.768342971801758	-2.604891538619995
1512060685268	2.4899697303771973	9.653421401977539	-1.5705963373184204
1512060685288	1.647210717201233	10.15141487121582	-0.6129156351089478
1512060685308	1.647210717201233	9.806650161743164	-1.9536685943603516
1512060685328	0.9576807022094727	9.193734169006348	-2.3750481605529785
1512060685348	2.298433542251587	8.887276649475098	-2.0685901641845703
1512060685368	2.4133553504943848	9.921571731567383	-2.6815059185028076
1512060685388	2.298433542251587	10.304644584655762	-2.5282769203186035
1512060685408	2.719813108444214	10.036493301391602	-0.5746083855628967
1512060685428	2.9496564865112305	9.615114212036133	0.6512228846549988
1512060685448	3.2178070545196533	9.423578262329102	0.5746083855628967
1512060685468	2.719813108444214	9.576807022094727	0.0
1512060685488	2.6431987285614014	9.768342971801758	-0.4596867263317108
1512060685508	2.3367409706115723	10.036493301391602	-0.689530074596405
1512060685528	2.298433542251587	9.730035781860352	-1.072602391242981
1512060685551	2.7964274883270264	8.925583839416504	-0.6129156351089478
1512060685569	2.6431987285614014	8.580819129943848	0.1149216815829277
1512060685588	2.451662540435791	8.236053466796875	0.0
1512060685608	2.2218191623687744	8.08282470703125	-0.49799394607543945
1512060685630	1.7621324062347412	7.8529815673828125	-1.455674648284912
1512060685661	1.8387469053268433	7.7763671875	-2.6815059185028076
1512060685687	2.1068975925445557	7.929595947265625	-2.604891538619995
1512060685801	2.911349296569824	7.7763671875	-1.2258312702178955
1512060685873	2.9879636764526367	7.661445617675781	0.2298433631658554
1512060685911	2.9496564865112305	7.891288757324219	0.19153612852096558
1512060685927	3.4093432426452637	8.619126319885254	-1.7621324062347412
1512060685951	3.5625722408294678	8.695740699768066	-1.7621324062347412
1512060685980	3.3710360527038574	8.887276649475098	-1.8770540952682495
1512060686007	3.2178070545196533	9.002198219299316	-2.298433542251587
1512060686044	2.9879636764526367	8.848969459533691	-1.1875240802764893
1512060686092	3.1028854846954346	8.848969459533691	-0.1149216815829277
1512060686199	3.2178070545196533	8.848969459533691	0.26815059781074524
1512060686219	3.141192674636841	8.96389102935791	-0.38307225704193115
1512060686236	2.9496564865112305	9.27034854888916	-1.6855180263519287
1512060686258	2.3750481605529785	9.385271072387695	-2.145204782485962
1512060686294	2.3750481605529785	9.385271072387695	-1.8770540952682495
1512060686307	2.2601263523101807	9.385271072387695	-1.6855180263519287
1512060686351	2.2601263523101807	9.308655738830566	-1.9153614044189453
1512060686398	2.298433542251587	9.155426979064941	-1.7621324062347412
1512060686442	2.3750481605529785	9.155426979064941	-1.5322890281677246
1512060686557	2.3367409706115723	9.193734169006348	-1.2641384601593018
1512060686601	2.451662540435791	9.002198219299316	-1.3407529592514038
1512060686614	2.451662540435791	9.155426979064941	-1.5322890281677246
1512060686634	2.6431987285614014	9.117119789123535	-1.8387469053268433
1512060686657	2.8347349166870117	9.155426979064941	-1.6855180263519287
1512060686674	2.6815059185028076	8.925583839416504	-1.2258312702178955
1512060686700	2.7964274883270264	8.887276649475098	-1.1109095811843872
1512060686744	3.1028854846954346	8.887276649475098	-2.030282974243164
1512060686772	3.5625722408294678	8.810662269592285	-1.37906014919281
1512060686807	3.5625722408294678	8.542511940002441	-0.5363011956214905
1512060686839	2.873042106628418	8.427590370178223	-0.26815059781074524
1512060686908	1.9919757843017578	8.580819129943848	-1.3024457693099976
1512060686962	1.2641384601593018	9.040505409240723	-3.294421434402466
1512060686981	1.5322890281677246	9.193734169006348	-3.3710360527038574
1512060687001	2.145204782485962	9.002198219299316	-3.026270866394043
1512060687019	2.298433542251587	9.040505409240723	-3.6391866207122803
1512060687034	2.0685901641845703	8.925583839416504	-3.179499864578247
1512060687057	2.183511972427368	8.159439086914062	-1.3024457693099976
1512060687088	2.5282769203186035	7.5848307609558105	0.038307227194309235
1512060687111	2.298433542251587	7.508216381072998	-0.8810662031173706
1512060687140	1.4939818382263184	8.274360656738281	-1.9153614044189453
1512060687158	0.5363011956214905	9.117119789123535	-2.8347349166870117
1512060687200	1.1875240802764893	9.461885452270508	-2.1068975925445557
1512060687226	1.723825216293335	9.53849983215332	-1.3024457693099976
1512060687252	1.3407529592514038	9.653421401977539	-2.1068975925445557
1512060687302	0.5746083855628967	9.768342971801758	-2.4133553504943848
1512060687378	0.6129156351089478	9.27034854888916	-1.1109095811843872
1512060687405	0.5746083855628967	9.232041358947754	-1.1109095811843872
1512060687435	0.26815059781074524	9.653421401977539	-2.6815059185028076
1512060687460	0.6129156351089478	9.998186111450195	-2.75812029838562
1512060687491	0.4596867263317108	10.036493301391602	-1.3024457693099976
1512060687554	0.26815059781074524	9.576807022094727	-1.5322890281677246
1512060687602	0.26815059781074524	9.500192642211914	-0.9193734526634216
1512060687635	0.7661445140838623	9.768342971801758	-0.4213795065879822
1512060687732	1.4939818382263184	9.84495735168457	-0.5363011956214905
1512060687792	1.37906014919281	10.036493301391602	-0.8044517636299133
1512060687846	0.9959878921508789	9.576807022094727	-1.3024457693099976
1512060687874	1.3024457693099976	9.653421401977539	-0.7661445140838623
1512060687890	1.6089035272598267	10.342951774597168	-0.4596867263317108
1512060687909	1.6089035272598267	10.879252433776855	-1.0342950820922852
1512060687930	1.3407529592514038	10.84094524383545	-2.451662540435791
1512060687953	1.455674648284912	10.266336441040039	-3.2561142444610596
1512060687992	1.3407529592514038	9.653421401977539	-2.298433542251587
1512060688014	1.4173674583435059	9.346963882446289	-0.9959878921508789
1512060688061	0.7661445140838623	9.346963882446289	-1.0342950820922852
1512060688141	0.49799394607543945	9.27034854888916	-2.4133553504943848
1512060688223	0.7661445140838623	9.193734169006348	-3.1028854846954346
1512060688282	1.8387469053268433	9.308655738830566	-1.37906014919281
1512060688303	2.75812029838562	9.730035781860352	0.2298433631658554
1512060688324	2.5665841102600098	9.921571731567383	0.6129156351089478
1512060688341	2.298433542251587	9.576807022094727	-0.49799394607543945
1512060688367	2.3750481605529785	9.117119789123535	-1.9536685943603516
1512060688384	3.5242648124694824	9.768342971801758	-0.3447650372982025
1512060688415	3.7158010005950928	10.228029251098633	0.15322890877723694
1512060688474	2.6815059185028076	9.84495735168457	-0.1149216815829277
1512060688517	1.6855180263519287	8.772355079650879	-0.7661445140838623
1512060688655	1.0342950820922852	8.274360656738281	-0.8044517636299133
1512060688716	1.6089035272598267	8.772355079650879	-0.4596867263317108
1512060688738	1.6855180263519287	9.232041358947754	-0.19153612852096558
1512060688763	1.1492167711257935	9.27034854888916	-0.9576807022094727
1512060688794	1.4939818382263184	9.040505409240723	-2.298433542251587
1512060688845	1.8387469053268433	9.193734169006348	-2.604891538619995
1512060688878	2.3750481605529785	9.385271072387695	-1.455674648284912
1512060688905	2.5282769203186035	9.883264541625977	-0.4213795065879822
1512060689008	2.5665841102600098	9.998186111450195	-0.5363011956214905
1512060689047	1.647210717201233	9.615114212036133	-1.1875240802764893
1512060689105	1.37906014919281	9.040505409240723	-1.37906014919281
1512060689119	1.5322890281677246	8.925583839416504	-1.1875240802764893
1512060689142	1.723825216293335	9.346963882446289	-0.19153612852096558
1512060689173	2.604891538619995	9.84495735168457	0.19153612852096558
1512060689192	2.7964274883270264	10.074800491333008	-0.26815059781074524
1512060689235	2.719813108444214	9.921571731567383	-0.9576807022094727
1512060689252	1.455674648284912	9.883264541625977	-1.1109095811843872
1512060689267	1.1492167711257935	10.381258964538574	0.727837324142456
1512060689284	2.6431987285614014	10.342951774597168	2.75812029838562
1512060689303	2.75812029838562	9.959878921508789	1.6089035272598267
1512060689321	1.5705963373184204	9.576807022094727	-0.038307227194309235
1512060689338	1.5322890281677246	9.461885452270508	-1.4939818382263184
1512060689356	1.9153614044189453	10.228029251098633	-0.8044517636299133
1512060689372	3.294421434402466	10.611102104187012	0.6512228846549988
1512060689388	3.600879430770874	10.687716484069824	0.8044517636299133
1512060689406	2.3367409706115723	10.15141487121582	-0.689530074596405
1512060689425	1.800439715385437	9.53849983215332	-2.604891538619995
1512060689454	1.0342950820922852	9.806650161743164	-3.44765043258667
1512060689468	1.5705963373184204	9.730035781860352	-3.2561142444610596
1512060689482	1.8387469053268433	9.385271072387695	-1.5322890281677246
1512060689498	1.2641384601593018	9.002198219299316	-0.6512228846549988
1512060689512	1.6855180263519287	9.155426979064941	-1.5322890281677246
1512060689526	1.7621324062347412	9.461885452270508	-3.026270866394043
1512060689541	1.5322890281677246	9.615114212036133	-1.647210717201233
1512060689555	2.4133553504943848	9.040505409240723	0.4213795065879822
1512060689569	1.8387469053268433	9.117119789123535	0.8044517636299133
1512060689583	2.145204782485962	9.040505409240723	-0.9193734526634216
1512060689596	2.5665841102600098	9.232041358947754	-2.183511972427368
1512060689610	2.4133553504943848	9.117119789123535	-1.647210717201233
1512060689624	1.5705963373184204	9.078812599182129	-0.4596867263317108
1512060689638	1.7621324062347412	8.734047889709473	0.26815059781074524
1512060689655	2.8347349166870117	8.695740699768066	-0.038307227194309235
1512060689669	3.332728862762451	8.734047889709473	-0.38307225704193115
1512060689684	3.179499864578247	8.887276649475098	-0.8427590131759644
1512060689700	3.294421434402466	9.27034854888916	-1.6855180263519287
1512060689714	4.213795185089111	9.155426979064941	-1.4173674583435059
1512060689728	4.865017890930176	8.619126319885254	-0.07661445438861847
1512060689743	4.63517427444458	8.312667846679688	1.0342950820922852
1512060689758	3.9456443786621094	8.465897560119629	0.7661445140838623
1512060689772	3.6774938106536865	8.312667846679688	-0.26815059781074524
1512060689786	3.485957622528076	8.197746276855469	-0.9193734526634216
1512060689799	3.5242648124694824	8.159439086914062	-1.455674648284912
1512060689816	3.5625722408294678	8.197746276855469	-1.647210717201233
1512060689830	3.5625722408294678	8.465897560119629	-2.2601263523101807
1512060689845	3.4093432426452637	8.542511940002441	-2.604891538619995
1512060689859	3.2178070545196533	8.465897560119629	-1.8770540952682495
1512060689873	3.44765043258667	8.35097599029541	-0.26815059781074524
1512060689887	3.5242648124694824	8.389283180236816	0.727837324142456
1512060689901	3.332728862762451	8.389283180236816	0.4596867263317108
1512060689915	3.179499864578247	8.695740699768066	-0.5746083855628967
1512060689929	3.2178070545196533	8.810662269592285	-1.2641384601593018
1512060689944	3.294421434402466	9.002198219299316	-1.37906014919281
1512060689959	2.9879636764526367	9.040505409240723	-0.9193734526634216
1512060689975	2.9879636764526367	8.810662269592285	-0.38307225704193115
1512060689992	3.4093432426452637	8.925583839416504	-0.15322890877723694
1512060690007	3.332728862762451	9.040505409240723	-0.8810662031173706
1512060690022	3.5625722408294678	9.27034854888916	-1.5705963373184204
1512060690036	3.754108190536499	9.002198219299316	-1.4939818382263184
1512060690049	4.137180328369141	8.772355079650879	-0.5363011956214905
1512060690062	4.405331134796143	8.772355079650879	-0.5363011956214905
1512060690075	4.558559894561768	8.695740699768066	-1.8387469053268433
1512060690089	4.481945514678955	8.619126319885254	-2.4133553504943848
1512060690102	4.367023944854736	8.504204750061035	-1.2258312702178955
1512060690115	4.520252704620361	8.389283180236816	-0.8427590131759644
1512060690131	4.596867084503174	8.542511940002441	-1.455674648284912
1512060690144	3.9839515686035156	8.504204750061035	-1.8770540952682495
1512060690156	3.179499864578247	8.121131896972656	-0.9959878921508789
1512060690170	3.294421434402466	8.159439086914062	-0.3064578175544739
1512060690183	4.098873138427734	8.236053466796875	-1.2258312702178955
1512060690196	3.2178070545196533	8.236053466796875	-1.5322890281677246
1512060690209	1.8387469053268433	8.197746276855469	-0.727837324142456
1512060690222	0.7661445140838623	8.044517517089844	-2.6431987285614014
1512060690235	0.5363011956214905	8.465897560119629	-4.8267107009887695
1512060690248	1.5322890281677246	8.580819129943848	-3.3710360527038574
1512060690261	2.2601263523101807	9.117119789123535	-0.3064578175544739
1512060690277	2.873042106628418	9.117119789123535	0.5363011956214905
1512060690290	1.6855180263519287	9.117119789123535	-1.800439715385437
1512060690303	1.1492167711257935	9.385271072387695	-2.030282974243164
1512060690317	1.8770540952682495	9.959878921508789	-1.072602391242981
1512060690330	3.064578056335449	10.381258964538574	-0.15322890877723694
1512060690343	2.1068975925445557	10.266336441040039	-0.4213795065879822
1512060690357	1.1875240802764893	9.730035781860352	-1.8770540952682495
1512060690371	0.9959878921508789	9.84495735168457	-2.5665841102600098
1512060690384	1.9153614044189453	10.304644584655762	-0.7661445140838623
1512060690397	3.294421434402466	10.496180534362793	0.5363011956214905
1512060690410	2.451662540435791	10.304644584655762	0.727837324142456
1512060690424	1.4939818382263184	9.53849983215332	-0.38307225704193115
1512060690438	0.6129156351089478	9.346963882446289	-0.7661445140838623
1512060690454	1.2258312702178955	9.53849983215332	-0.3447650372982025
1512060690467	2.5665841102600098	9.806650161743164	0.038307227194309235
1512060690480	2.451662540435791	9.921571731567383	0.38307225704193115
1512060690493	1.8770540952682495	9.385271072387695	0.1149216815829277
1512060690507	1.4173674583435059	8.96389102935791	0.3064578175544739
1512060690520	1.6855180263519287	9.078812599182129	0.3064578175544739
1512060690533	2.5665841102600098	9.461885452270508	-0.1149216815829277
1512060690546	2.911349296569824	9.883264541625977	-0.9576807022094727
1512060690559	2.8347349166870117	9.768342971801758	-0.6129156351089478
1512060690572	2.6431987285614014	9.346963882446289	-0.19153612852096558
1512060690586	2.604891538619995	8.925583839416504	0.1149216815829277
1512060690602	3.754108190536499	9.53849983215332	-1.9919757843017578
1512060690615	3.8307228088378906	9.998186111450195	-2.9879636764526367
1512060690628	3.2178070545196533	9.806650161743164	-2.145204782485962
1512060690641	2.3750481605529785	9.346963882446289	-0.19153612852096558
1512060690654	1.9153614044189453	8.65743350982666	0.49799394607543945
1512060690668	2.030282974243164	9.232041358947754	-0.07661445438861847
1512060690681	2.719813108444214	9.921571731567383	-1.2258312702178955
1512060690694	2.873042106628418	10.036493301391602	-1.072602391242981
1512060690707	2.7964274883270264	9.691728591918945	-0.4596867263317108
1512060690720	2.6431987285614014	9.078812599182129	-0.15322890877723694
1512060690733	2.6431987285614014	8.772355079650879	0.26815059781074524
1512060690745	2.9496564865112305	9.002198219299316	0.5363011956214905
1512060690757	3.5242648124694824	9.461885452270508	0.38307225704193115
1512060690774	3.2178070545196533	9.423578262329102	0.0
1512060690787	2.451662540435791	9.232041358947754	-0.19153612852096558
1512060690800	1.8770540952682495	9.117119789123535	-0.1149216815829277
1512060690813	1.647210717201233	9.193734169006348	0.2298433631658554
1512060690826	1.8770540952682495	9.423578262329102	0.038307227194309235
1512060690839	2.0685901641845703	9.423578262329102	-1.072602391242981
1512060690852	1.37906014919281	9.117119789123535	-2.030282974243164
1512060690865	0.8810662031173706	8.734047889709473	-1.647210717201233
1512060690879	0.9193734526634216	8.580819129943848	-0.38307225704193115
1512060690893	1.0342950820922852	9.883264541625977	0.0
1512060690906	1.647210717201233	10.41956615447998	-0.49799394607543945
1512060690919	0.9959878921508789	10.41956615447998	-1.9153614044189453
1512060690935	2.030282974243164	9.53849983215332	-2.183511972427368
1512060690951	2.3750481605529785	9.691728591918945	0.15322890877723694
1512060690965	2.9879636764526367	10.802638053894043	1.072602391242981
1512060690979	3.44765043258667	11.1474027633667	-0.26815059781074524
1512060690993	2.145204782485962	10.955866813659668	-1.9536685943603516
1512060691007	1.7621324062347412	9.84495735168457	-1.800439715385437
1512060691020	3.294421434402466	8.772355079650879	0.2298433631658554
1512060691034	3.179499864578247	9.806650161743164	1.6089035272598267
1512060691046	3.294421434402466	10.457873344421387	-0.8427590131759644
1512060691060	3.141192674636841	10.381258964538574	-2.451662540435791
1512060691073	2.873042106628418	9.576807022094727	-2.0685901641845703
1512060691088	3.8307228088378906	8.580819129943848	-0.6512228846549988
1512060691102	4.022258758544922	9.155426979064941	1.2258312702178955
1512060691115	3.869029998779297	9.653421401977539	-0.3447650372982025
1512060691128	3.6391866207122803	9.84495735168457	-1.9153614044189453
1512060691141	2.719813108444214	9.423578262329102	-1.9919757843017578
1512060691154	2.911349296569824	8.542511940002441	-2.0685901641845703
1512060691167	3.294421434402466	8.695740699768066	-2.75812029838562
1512060691180	3.6774938106536865	9.078812599182129	-1.8770540952682495
1512060691193	3.869029998779297	8.925583839416504	-0.38307225704193115
1512060691207	2.9496564865112305	8.772355079650879	-0.38307225704193115
1512060691219	3.1028854846954346	8.427590370178223	-1.455674648284912
1512060691233	2.911349296569824	8.65743350982666	-2.451662540435791
1512060691245	2.3367409706115723	8.695740699768066	-2.6431987285614014
1512060691263	2.3367409706115723	8.197746276855469	-2.183511972427368
1512060691277	2.6431987285614014	7.967903137207031	-0.727837324142456
1512060691290	3.026270866394043	7.8529815673828125	-0.38307225704193115
1512060691304	2.9879636764526367	8.197746276855469	-0.6129156351089478
1512060691317	3.1028854846954346	8.504204750061035	-0.4213795065879822
1512060691330	3.026270866394043	8.542511940002441	0.19153612852096558
1512060691343	3.2561142444610596	8.580819129943848	-0.07661445438861847
1512060691357	3.5242648124694824	8.848969459533691	-0.5746083855628967
1512060691370	3.332728862762451	9.002198219299316	-0.7661445140838623
1512060691384	3.2178070545196533	8.96389102935791	-0.689530074596405
1512060691396	3.179499864578247	8.848969459533691	-0.5363011956214905
1512060691411	3.2178070545196533	8.772355079650879	-0.727837324142456
1512060691423	2.8347349166870117	8.848969459533691	-0.8427590131759644
1512060691437	2.6815059185028076	8.925583839416504	-0.7661445140838623
1512060691451	2.7964274883270264	9.002198219299316	-0.9959878921508789
1512060691467	2.75812029838562	9.117119789123535	-1.37906014919281
1512060691480	2.604891538619995	9.040505409240723	-1.3407529592514038
1512060691494	2.3367409706115723	8.848969459533691	-0.9959878921508789
1512060691507	2.1068975925445557	8.734047889709473	-0.689530074596405
1512060691520	2.298433542251587	8.772355079650879	-0.8044517636299133
1512060691533	2.6815059185028076	8.925583839416504	-1.455674648284912
1512060691546	2.9879636764526367	8.96389102935791	-1.7621324062347412
1512060691560	2.873042106628418	9.002198219299316	-1.37906014919281
1512060691573	2.6431987285614014	8.772355079650879	-1.3024457693099976
1512060691586	2.873042106628418	8.810662269592285	-1.3024457693099976
1512060691600	3.179499864578247	9.117119789123535	-1.1492167711257935
1512060691614	3.5242648124694824	9.078812599182129	-0.8810662031173706
1512060691628	3.907337188720703	8.96389102935791	-0.9576807022094727
1512060691641	4.098873138427734	8.810662269592285	-0.9193734526634216
1512060691654	3.8307228088378906	8.619126319885254	-0.7661445140838623
1512060691667	3.2178070545196533	8.542511940002441	-0.7661445140838623
1512060691681	3.064578056335449	8.734047889709473	-0.8810662031173706
1512060691694	3.332728862762451	8.887276649475098	-0.8810662031173706
1512060691707	3.4093432426452637	8.96389102935791	-0.9576807022094727
1512060691720	2.719813108444214	9.002198219299316	-1.2258312702178955
1512060691733	2.6431987285614014	8.810662269592285	-1.5322890281677246
1512060691746	2.6815059185028076	8.848969459533691	-1.6089035272598267
1512060691761	2.75812029838562	8.810662269592285	-1.6089035272598267
1512060691775	1.8387469053268433	9.040505409240723	-1.2258312702178955
1512060691789	1.5322890281677246	9.193734169006348	-1.2641384601593018
1512060691801	2.183511972427368	9.27034854888916	-1.1492167711257935
1512060691814	2.9879636764526367	9.615114212036133	-1.647210717201233
1512060691827	2.3367409706115723	9.53849983215332	-1.5322890281677246
1512060691840	1.8387469053268433	9.232041358947754	-0.49799394607543945
1512060691853	1.800439715385437	8.925583839416504	0.19153612852096558
1512060691866	2.1068975925445557	9.002198219299316	-0.07661445438861847
1512060691880	2.6431987285614014	9.27034854888916	-1.1492167711257935
1512060691893	2.3367409706115723	9.461885452270508	-1.9919757843017578
1512060691909	1.4939818382263184	9.385271072387695	-1.9153614044189453
1512060691922	0.689530074596405	8.848969459533691	-0.3447650372982025
1512060691945	0.727837324142456	9.078812599182129	0.3064578175544739
1512060691957	1.3024457693099976	9.500192642211914	-0.5746083855628967
1512060691970	2.183511972427368	10.036493301391602	-1.072602391242981
1512060691984	2.1068975925445557	10.113107681274414	-0.727837324142456
1512060691997	1.5705963373184204	9.998186111450195	0.038307227194309235
1512060692011	0.8810662031173706	9.500192642211914	0.4213795065879822
1512060692024	0.9959878921508789	8.925583839416504	0.0
1512060692037	1.8770540952682495	9.155426979064941	-0.4596867263317108
1512060692051	2.2218191623687744	9.730035781860352	-0.5363011956214905
1512060692066	2.2218191623687744	10.15141487121582	-0.26815059781074524
1512060692080	1.9153614044189453	10.074800491333008	-0.26815059781074524
1512060692095	1.6089035272598267	9.423578262329102	-0.4213795065879822
1512060692108	1.5322890281677246	9.308655738830566	-0.9193734526634216
1512060692121	2.2218191623687744	9.53849983215332	-0.8427590131759644
1512060692134	2.4899697303771973	10.189722061157227	-0.9576807022094727
1512060692147	2.3367409706115723	10.074800491333008	-1.1109095811843872
1512060692160	2.3367409706115723	9.615114212036133	-0.7661445140838623
1512060692174	2.451662540435791	9.730035781860352	-0.727837324142456
1512060692187	3.141192674636841	9.921571731567383	-0.5746083855628967
1512060692200	3.44765043258667	9.998186111450195	-0.6129156351089478
1512060692213	3.3710360527038574	9.998186111450195	-1.1492167711257935
1512060692226	3.294421434402466	9.883264541625977	-0.9193734526634216
1512060692242	3.3710360527038574	9.615114212036133	-0.3447650372982025
1512060692256	3.064578056335449	9.155426979064941	-0.038307227194309235
1512060692269	2.8347349166870117	8.925583839416504	-0.4213795065879822
1512060692282	2.75812029838562	9.078812599182129	-1.4173674583435059
1512060692296	2.7964274883270264	9.117119789123535	-1.8387469053268433
1512060692308	3.064578056335449	9.155426979064941	-0.5363011956214905
1512060692321	2.7964274883270264	9.002198219299316	0.038307227194309235
1512060692334	2.7964274883270264	8.925583839416504	-0.19153612852096558
1512060692347	2.6815059185028076	8.810662269592285	-0.6129156351089478
1512060692360	2.6431987285614014	9.078812599182129	-1.1875240802764893
1512060692374	2.6815059185028076	8.848969459533691	-0.8427590131759644
1512060692389	3.179499864578247	8.580819129943848	0.3447650372982025
1512060692403	3.3710360527038574	8.695740699768066	0.38307225704193115
1512060692416	3.2178070545196533	8.96389102935791	-0.3447650372982025
1512060692429	2.2601263523101807	9.308655738830566	-0.6129156351089478
1512060692443	1.8770540952682495	9.308655738830566	-0.4213795065879822
1512060692457	2.3367409706115723	9.002198219299316	0.5363011956214905
1512060692470	2.451662540435791	9.155426979064941	0.727837324142456
1512060692483	2.4899697303771973	9.500192642211914	-0.6512228846549988
1512060692496	1.647210717201233	10.113107681274414	-1.4939818382263184
1512060692508	0.689530074596405	10.074800491333008	-0.9576807022094727
1512060692521	0.15322890877723694	9.576807022094727	-0.19153612852096558
1512060692535	0.49799394607543945	9.461885452270508	0.38307225704193115
1512060692549	2.6815059185028076	10.036493301391602	-0.07661445438861847
1512060692563	3.026270866394043	11.1474027633667	-1.1875240802764893
1512060692576	2.1068975925445557	11.224017143249512	-2.719813108444214
1512060692589	0.8044517636299133	10.342951774597168	-2.911349296569824
1512060692603	0.5363011956214905	9.155426979064941	-0.8044517636299133
1512060692616	2.298433542251587	8.504204750061035	2.1068975925445557
1512060692629	3.294421434402466	9.385271072387695	2.298433542251587
1512060692642	2.8347349166870117	10.342951774597168	-0.9959878921508789
1512060692656	1.6855180263519287	10.611102104187012	-3.9456443786621094
1512060692669	1.37906014919281	9.768342971801758	-3.064578056335449
1512060692683	2.75812029838562	9.040505409240723	0.15322890877723694
1512060692698	3.5242648124694824	9.308655738830566	2.0685901641845703
1512060692712	3.44765043258667	9.423578262329102	0.8427590131759644
1512060692725	1.1492167711257935	9.615114212036133	-2.8347349166870117
1512060692739	0.49799394607543945	8.848969459533691	-3.907337188720703
1512060692752	2.4899697303771973	8.159439086914062	-2.0685901641845703
1512060692765	3.9839515686035156	9.002198219299316	0.9959878921508789
1512060692778	3.869029998779297	9.385271072387695	0.5363011956214905
1512060692791	2.6815059185028076	9.883264541625977	-1.455674648284912
1512060692805	1.7621324062347412	9.730035781860352	-3.064578056335449
1512060692818	2.6431987285614014	9.193734169006348	-3.1028854846954346
1512060692831	3.5625722408294678	8.96389102935791	-1.2641384601593018
1512060692845	3.2178070545196533	9.193734169006348	0.4213795065879822
1512060692861	2.9496564865112305	9.232041358947754	-0.19153612852096558
1512060692874	2.0685901641845703	9.461885452270508	-2.298433542251587
1512060692887	2.298433542251587	9.53849983215332	-3.9456443786621094
1512060692900	2.9879636764526367	9.500192642211914	-3.179499864578247
1512060692914	3.026270866394043	9.232041358947754	-1.1875240802764893
1512060692927	2.75812029838562	9.040505409240723	-0.689530074596405
1512060692941	2.0685901641845703	8.925583839416504	-1.800439715385437
1512060692954	2.030282974243164	8.542511940002441	-2.451662540435791
1512060692967	2.8347349166870117	8.312667846679688	-2.2218191623687744
1512060692981	3.026270866394043	8.236053466796875	-1.0342950820922852
1512060692994	2.911349296569824	8.08282470703125	-0.6512228846549988
1512060693008	2.911349296569824	8.236053466796875	-1.3407529592514038
1512060693020	3.064578056335449	8.197746276855469	-1.4939818382263184
1512060693036	3.332728862762451	8.08282470703125	-0.7661445140838623
1512060693049	3.6391866207122803	8.389283180236816	-0.3064578175544739
1512060693063	3.600879430770874	8.848969459533691	-0.8810662031173706
1512060693076	3.141192674636841	9.002198219299316	-1.455674648284912
1512060693089	2.873042106628418	8.96389102935791	-1.5705963373184204
1512060693102	2.7964274883270264	8.96389102935791	-0.8427590131759644
1512060693115	2.911349296569824	8.887276649475098	-0.9193734526634216
1512060693128	2.4899697303771973	8.925583839416504	-1.4173674583435059
1512060693141	1.8770540952682495	9.040505409240723	-1.8770540952682495
1512060693154	1.5705963373184204	8.848969459533691	-1.6089035272598267
1512060693169	1.9153614044189453	8.887276649475098	-1.2641384601593018
1512060693183	2.145204782485962	8.925583839416504	-1.1875240802764893
1512060693196	2.183511972427368	9.002198219299316	-1.2641384601593018
1512060693211	2.2218191623687744	9.040505409240723	-1.8387469053268433
1512060693228	2.2601263523101807	9.155426979064941	-2.0685901641845703
1512060693248	2.2218191623687744	9.117119789123535	-1.6089035272598267
1512060693268	2.4133553504943848	9.002198219299316	-1.072602391242981
1512060693288	2.6815059185028076	8.848969459533691	-0.8427590131759644
1512060693308	2.8347349166870117	8.925583839416504	-1.1109095811843872
1512060693328	2.873042106628418	9.155426979064941	-2.1068975925445557
1512060693348	3.3710360527038574	9.232041358947754	-2.5665841102600098
1512060693368	3.332728862762451	9.002198219299316	-1.8770540952682495
1512060693388	3.2561142444610596	8.772355079650879	-0.38307225704193115
1512060693408	3.3710360527038574	8.619126319885254	-0.49799394607543945
1512060693429	3.2561142444610596	8.734047889709473	-1.1492167711257935
1512060693448	3.026270866394043	8.772355079650879	-2.183511972427368
1512060693468	2.2218191623687744	8.96389102935791	-2.911349296569824
1512060693488	2.145204782485962	9.155426979064941	-3.2178070545196533
1512060693508	2.4133553504943848	9.078812599182129	-3.179499864578247
1512060693528	2.75812029838562	8.65743350982666	-2.030282974243164
1512060693548	3.026270866394043	8.08282470703125	-0.3064578175544739
1512060693568	2.5282769203186035	7.814674377441406	0.038307227194309235
1512060693588	2.183511972427368	8.044517517089844	-1.072602391242981
1512060693608	1.5705963373184204	8.542511940002441	-2.3750481605529785
1512060693629	1.9919757843017578	8.96389102935791	-3.294421434402466
1512060693648	1.9919757843017578	9.040505409240723	-2.6815059185028076
1512060693668	2.030282974243164	8.925583839416504	-1.37906014919281
1512060693688	1.6089035272598267	8.96389102935791	-0.5363011956214905
1512060693708	1.1109095811843872	9.27034854888916	-1.3024457693099976
1512060693728	1.072602391242981	9.53849983215332	-2.7964274883270264
1512060693748	1.8387469053268433	9.806650161743164	-2.9496564865112305
1512060693768	2.2601263523101807	9.998186111450195	-2.298433542251587
1512060693788	2.2601263523101807	9.998186111450195	-1.800439715385437
1512060693808	1.4939818382263184	9.653421401977539	-1.0342950820922852
1512060693828	0.9959878921508789	9.117119789123535	-0.8427590131759644
1512060693848	1.3407529592514038	9.385271072387695	-1.2258312702178955
1512060693868	2.1068975925445557	9.959878921508789	-1.2258312702178955
1512060693888	2.145204782485962	10.266336441040039	-1.3407529592514038
1512060693908	1.6089035272598267	10.15141487121582	-1.5705963373184204
1512060693928	1.0342950820922852	9.806650161743164	-1.8387469053268433
1512060693948	1.5322890281677246	9.730035781860352	-1.4939818382263184
1512060693968	2.1068975925445557	9.921571731567383	-0.8427590131759644
1512060693988	2.5282769203186035	10.074800491333008	-0.4596867263317108
1512060694008	2.298433542251587	10.074800491333008	-0.49799394607543945
1512060694028	1.6855180263519287	10.036493301391602	-1.3407529592514038
1512060694048	1.5322890281677246	9.883264541625977	-1.3407529592514038
1512060694068	1.8387469053268433	9.691728591918945	-0.15322890877723694
1512060694088	2.145204782485962	9.691728591918945	0.5746083855628967
1512060694108	1.9153614044189453	9.615114212036133	0.2298433631658554
1512060694128	1.800439715385437	9.768342971801758	-0.5746083855628967
1512060694148	1.723825216293335	9.998186111450195	-1.2641384601593018
1512060694168	1.7621324062347412	9.500192642211914	-1.1109095811843872
1512060694188	1.8387469053268433	9.002198219299316	0.038307227194309235
1512060694208	2.145204782485962	8.96389102935791	0.26815059781074524
1512060694228	2.2601263523101807	9.615114212036133	-0.7661445140838623
1512060694248	2.8347349166870117	9.998186111450195	-1.7621324062347412
1512060694269	2.719813108444214	9.730035781860352	-1.2258312702178955
1512060694288	2.604891538619995	9.346963882446289	0.49799394607543945
1512060694308	2.3750481605529785	9.346963882446289	-0.1149216815829277
1512060694328	2.451662540435791	9.423578262329102	-1.5705963373184204
1512060694348	3.141192674636841	9.385271072387695	-2.4899697303771973
1512060694368	3.2178070545196533	9.308655738830566	-0.9959878921508789
1512060694388	2.7964274883270264	8.96389102935791	0.3064578175544739
1512060694408	2.5665841102600098	8.465897560119629	0.3064578175544739
1512060694428	2.3367409706115723	8.274360656738281	-1.1492167711257935
1512060694448	2.75812029838562	8.389283180236816	-1.1109095811843872
1512060694468	3.1028854846954346	8.580819129943848	0.038307227194309235
1512060694488	2.4899697303771973	8.580819129943848	0.5746083855628967
1512060694508	2.2601263523101807	8.465897560119629	-0.3064578175544739
1512060694528	2.145204782485962	8.734047889709473	-1.5322890281677246
1512060694548	2.5665841102600098	9.346963882446289	-0.9576807022094727
1512060694568	3.2561142444610596	9.806650161743164	0.0
1512060694589	3.141192674636841	9.806650161743164	0.727837324142456
1512060694608	3.294421434402466	9.385271072387695	0.5363011956214905
1512060694628	2.9879636764526367	9.27034854888916	-0.4213795065879822
1512060694648	2.4133553504943848	9.385271072387695	-0.9193734526634216
1512060694668	2.030282974243164	9.615114212036133	-0.9576807022094727
1512060694688	1.4939818382263184	9.423578262329102	0.0
1512060694708	1.0342950820922852	9.193734169006348	1.1109095811843872
1512060694728	1.723825216293335	9.308655738830566	0.7661445140838623
1512060694748	1.3407529592514038	10.189722061157227	-0.9193734526634216
1512060694768	0.5746083855628967	10.41956615447998	-1.7621324062347412
1512060694788	-0.1149216815829277	9.883264541625977	-0.9193734526634216
1512060694808	0.689530074596405	9.346963882446289	0.0
1512060694828	2.298433542251587	9.423578262329102	-0.3064578175544739
1512060694848	2.451662540435791	10.496180534362793	-1.9153614044189453
1512060694868	2.030282974243164	10.879252433776855	-3.332728862762451
1512060694888	1.0342950820922852	10.036493301391602	-2.9496564865112305
1512060694909	0.689530074596405	8.619126319885254	0.9193734526634216
1512060694928	2.4899697303771973	8.236053466796875	4.520252704620361
1512060694948	2.9879636764526367	9.883264541625977	2.0685901641845703
1512060694968	2.2218191623687744	11.41555404663086	-3.6774938106536865
1512060694988	1.0342950820922852	11.338939666748047	-5.51624059677124
1512060695008	0.4596867263317108	9.806650161743164	-1.3407529592514038
1512060695028	1.8770540952682495	8.580819129943848	4.137180328369141
1512060695048	3.5625722408294678	8.96389102935791	3.141192674636841
1512060695068	2.873042106628418	10.687716484069824	-2.145204782485962
1512060695088	1.37906014919281	11.30063247680664	-5.899312973022461
1512060695108	0.1149216815829277	10.572794914245605	-4.6734819412231445
1512060695128	-0.3064578175544739	8.848969459533691	-1.5322890281677246
1512060695148	1.9536685943603516	7.163451671600342	-0.07661445438861847
1512060695168	2.2601263523101807	8.274360656738281	-1.9919757843017578
1512060695188	0.8427590131759644	9.653421401977539	-5.70777702331543
1512060695208	1.9919757843017578	8.848969459533691	-3.7158010005950928
1512060695229	2.6815059185028076	7.738059997558594	0.15322890877723694
1512060695248	4.481945514678955	6.780379295349121	1.8387469053268433
1512060695268	3.869029998779297	7.048529624938965	3.179499864578247
1512060695288	4.481945514678955	8.044517517089844	3.026270866394043
1512060695308	5.669469833374023	8.504204750061035	0.8044517636299133
1512060695328	5.669469833374023	8.580819129943848	-0.1149216815829277
1512060695348	6.090848922729492	8.427590370178223	-0.19153612852096558
1512060695368	5.975927352905273	8.810662269592285	-0.727837324142456
1512060695388	5.439626216888428	9.117119789123535	-1.6855180263519287
1512060695408	5.2480902671813965	9.040505409240723	-2.145204782485962
1512060695428	4.443638324737549	9.040505409240723	-1.3407529592514038
1512060695448	4.060565948486328	8.848969459533691	-1.1875240802764893
1512060695468	3.6391866207122803	8.848969459533691	-1.4939818382263184
1512060695488	3.2178070545196533	8.695740699768066	-1.455674648284912
1512060695508	2.9879636764526367	8.504204750061035	-1.072602391242981
1512060695528	3.026270866394043	8.312667846679688	-0.49799394607543945
1512060695548	2.6431987285614014	8.35097599029541	-0.07661445438861847
1512060695568	2.4133553504943848	8.504204750061035	-0.19153612852096558
1512060695588	2.5282769203186035	8.65743350982666	-0.5746083855628967
1512060695609	2.5665841102600098	8.848969459533691	-1.2641384601593018
1512060695628	2.451662540435791	9.040505409240723	-1.4939818382263184
1512060695648	2.5282769203186035	8.925583839416504	-0.9959878921508789
1512060695668	2.604891538619995	8.96389102935791	-0.49799394607543945
1512060695688	2.6431987285614014	9.155426979064941	-0.4596867263317108
1512060695708	2.911349296569824	9.193734169006348	-0.5746083855628967
1512060695728	2.8347349166870117	9.27034854888916	-0.5363011956214905
1512060695748	2.6431987285614014	9.308655738830566	-0.19153612852096558
1512060695768	2.719813108444214	9.385271072387695	-0.4213795065879822
1512060695788	2.9879636764526367	9.385271072387695	-0.4596867263317108
1512060695808	2.9879636764526367	9.308655738830566	0.26815059781074524
1512060695828	2.8347349166870117	9.193734169006348	1.0342950820922852
1512060695848	2.75812029838562	9.078812599182129	1.2258312702178955
1512060695868	2.9496564865112305	9.040505409240723	0.8810662031173706
1512060695888	3.2561142444610596	9.002198219299316	0.5746083855628967
1512060695908	3.1028854846954346	8.734047889709473	0.5363011956214905
1512060695928	2.9496564865112305	8.848969459533691	1.1492167711257935
1512060695948	2.9496564865112305	8.772355079650879	1.9919757843017578
1512060695968	3.179499864578247	8.236053466796875	2.604891538619995
1512060695988	2.9496564865112305	7.814674377441406	3.179499864578247
1512060696008	2.5665841102600098	7.738059997558594	3.7158010005950928
1512060696028	2.5282769203186035	7.891288757324219	3.907337188720703
1512060696048	2.911349296569824	7.814674377441406	3.8307228088378906
1512060696068	2.604891538619995	7.354987621307373	4.137180328369141
1512060696088	1.9919757843017578	7.048529624938965	4.788403511047363
1512060696108	1.8770540952682495	6.703764915466309	5.324704647064209
1512060696130	1.8770540952682495	6.971915245056152	5.4013190269470215
1512060696148	1.723825216293335	7.316680431365967	5.363011837005615
1512060696170	1.9153614044189453	6.971915245056152	5.631162166595459
1512060696188	2.030282974243164	6.588842868804932	5.899312973022461
1512060696208	1.3407529592514038	6.358999729156494	5.975927352905273
1512060696228	1.1875240802764893	5.937620162963867	6.435614109039307
1512060696248	1.800439715385437	5.937620162963867	6.01423454284668
1512060696268	1.6089035272598267	5.861005783081055	6.090848922729492
1512060696288	1.1109095811843872	5.631162166595459	6.588842868804932
1512060696308	0.5746083855628967	4.941632270812988	7.508216381072998
1512060696328	0.38307225704193115	4.558559894561768	8.580819129943848
1512060696348	1.072602391242981	4.213795185089111	8.810662269592285
1512060696368	1.37906014919281	3.6774938106536865	9.078812599182129
1512060696388	0.8427590131759644	3.907337188720703	9.117119789123535
1512060696408	0.4596867263317108	3.9839515686035156	9.155426979064941
1512060696428	0.19153612852096558	3.907337188720703	9.27034854888916
1512060696448	0.49799394607543945	3.8307228088378906	8.810662269592285
1512060696468	1.0342950820922852	3.8307228088378906	8.848969459533691
1512060696488	0.7661445140838623	3.8307228088378906	8.772355079650879
1512060696508	0.4213795065879822	3.7924153804779053	8.848969459533691
1512060696528	-0.4596867263317108	3.6774938106536865	10.113107681274414
1512060696548	-0.4596867263317108	3.9839515686035156	10.15141487121582
1512060696568	0.5363011956214905	3.7924153804779053	9.500192642211914
1512060696588	1.723825216293335	3.5242648124694824	9.308655738830566
1512060696608	1.4939818382263184	3.5242648124694824	9.002198219299316
1512060696628	0.6512228846549988	3.754108190536499	9.040505409240723
1512060696648	-0.9193734526634216	4.213795185089111	9.078812599182129
1512060696668	-0.3447650372982025	3.907337188720703	8.887276649475098
1512060696688	2.145204782485962	2.9879636764526367	8.96389102935791
1512060696708	2.9496564865112305	2.75812029838562	8.772355079650879
1512060696728	2.5282769203186035	2.8347349166870117	8.159439086914062
1512060696748	0.8810662031173706	3.5625722408294678	5.899312973022461
1512060696768	0.3064578175544739	3.9839515686035156	6.01423454284668
1512060696788	0.4596867263317108	4.098873138427734	6.358999729156494
1512060696808	-0.1149216815829277	4.290409564971924	8.08282470703125
1512060696829	-0.2298433631658554	3.8307228088378906	9.959878921508789
1512060696848	-0.1149216815829277	3.332728862762451	10.457873344421387
1512060696868	0.3064578175544739	2.75812029838562	9.806650161743164
1512060696888	0.8427590131759644	2.0685901641845703	9.193734169006348
1512060696908	1.5322890281677246	1.9919757843017578	9.117119789123535
1512060696928	1.6089035272598267	1.8387469053268433	9.461885452270508
1512060696948	1.1875240802764893	1.9536685943603516	10.036493301391602
1512060696968	1.1875240802764893	2.2601263523101807	8.810662269592285
1512060696988	1.4173674583435059	2.030282974243164	8.580819129943848
1512060697008	0.7661445140838623	2.4133553504943848	9.232041358947754
1512060697028	0.49799394607543945	2.6431987285614014	9.84495735168457
1512060697048	0.3064578175544739	2.604891538619995	9.27034854888916
1512060697068	0.2298433631658554	2.4899697303771973	9.002198219299316
1512060697091	0.26815059781074524	2.2601263523101807	9.193734169006348
1512060697111	0.038307227194309235	2.2601263523101807	9.998186111450195
1512060697147	0.3064578175544739	1.9919757843017578	9.768342971801758
1512060697166	0.4213795065879822	1.9153614044189453	9.385271072387695
1512060697180	0.38307225704193115	2.030282974243164	9.078812599182129
1512060697194	0.3064578175544739	2.183511972427368	8.96389102935791
1512060697209	0.038307227194309235	2.2218191623687744	8.96389102935791
1512060697228	0.19153612852096558	2.1068975925445557	8.695740699768066
1512060697248	0.49799394607543945	2.0685901641845703	8.542511940002441
1512060697268	0.2298433631658554	1.9536685943603516	6.89530086517334
1512060697288	-0.2298433631658554	2.5665841102600098	8.619126319885254
1512060697308	-0.07661445438861847	2.4133553504943848	10.228029251098633
1512060697328	0.07661445438861847	2.2218191623687744	9.806650161743164
1512060697348	0.038307227194309235	2.4133553504943848	9.002198219299316
1512060697368	0.3064578175544739	2.298433542251587	8.887276649475098
1512060697388	0.49799394607543945	2.145204782485962	8.810662269592285
1512060697408	0.3447650372982025	2.0685901641845703	9.576807022094727
