Trial:	Sub01SeatedPull_accelerometer_t3.txt
Phone/Tablet Model:	HUAWEI BLN-L24
Sensor Information
Name:	STMicroelectronics accelerometer-lis3dh
Maximum Range:	78.4532m/s²
Resolution:	0.009576807m/s²

Generated by SensorData, Version1.5.2
Author: Vipul Lugade
Email: SensorDataHelp@gmail.com
Website: www.matlabgeeks.com

Time	X	Y	Z
1512060587568	1.6089035272598267	1.3407529592514038	8.542511940002441
1512060587588	1.647210717201233	1.6855180263519287	8.772355079650879
1512060587608	1.1109095811843872	1.7621324062347412	9.040505409240723
1512060587628	0.8810662031173706	1.8770540952682495	9.53849983215332
1512060587648	0.7661445140838623	2.030282974243164	9.730035781860352
1512060587668	0.8427590131759644	2.145204782485962	9.730035781860352
1512060587719	0.8427590131759644	2.298433542251587	9.155426979064941
1512060587740	0.8427590131759644	2.4133553504943848	8.274360656738281
1512060587753	0.9193734526634216	2.5282769203186035	7.393294811248779
1512060587767	0.9576807022094727	2.4899697303771973	6.703764915466309
1512060587781	-1.4939818382263184	4.175487995147705	7.1251444816589355
1512060587795	-4.865017890930176	6.588842868804932	9.346963882446289
1512060587808	1.647210717201233	2.145204782485962	10.994174003601074
1512060587828	3.7158010005950928	0.8427590131759644	6.933608055114746
1512060587849	2.3367409706115723	2.145204782485962	7.010222434997559
1512060587868	1.1875240802764893	2.6815059185028076	7.891288757324219
1512060587888	1.37906014919281	2.3750481605529785	8.274360656738281
1512060587908	2.030282974243164	1.9919757843017578	9.040505409240723
1512060587928	2.2601263523101807	2.451662540435791	9.232041358947754
1512060587948	2.183511972427368	2.75812029838562	9.308655738830566
1512060587968	2.0685901641845703	2.183511972427368	8.848969459533691
1512060587988	2.5282769203186035	1.8387469053268433	7.623138427734375
1512060588008	1.6089035272598267	2.8347349166870117	7.316680431365967
1512060588028	2.183511972427368	3.332728862762451	9.423578262329102
1512060588048	2.75812029838562	3.332728862762451	6.3973069190979
1512060588068	2.5282769203186035	2.4899697303771973	6.167463779449463
1512060588088	1.3024457693099976	2.2601263523101807	8.389283180236816
1512060588108	1.5705963373184204	2.030282974243164	11.530475616455078
1512060588128	3.141192674636841	1.4939818382263184	13.48414421081543
1512060588148	3.3710360527038574	1.455674648284912	12.871228218078613
1512060588168	3.5625722408294678	2.2601263523101807	10.342951774597168
1512060588188	2.9879636764526367	3.907337188720703	7.929595947265625
1512060588208	2.8347349166870117	4.32871675491333	5.20978307723999
1512060588228	2.9879636764526367	3.294421434402466	6.627150535583496
1512060588248	3.2178070545196533	3.869029998779297	7.929595947265625
1512060588268	3.026270866394043	4.596867084503174	7.814674377441406
1512060588288	2.911349296569824	4.32871675491333	8.848969459533691
1512060588308	3.294421434402466	4.252102375030518	9.346963882446289
1512060588328	2.873042106628418	5.4013190269470215	8.695740699768066
1512060588348	2.873042106628418	6.01423454284668	7.929595947265625
1512060588368	4.022258758544922	6.205770969390869	6.588842868804932
1512060588388	3.907337188720703	6.742072105407715	7.010222434997559
1512060588408	3.485957622528076	7.086836814880371	8.08282470703125
1512060588428	3.6774938106536865	7.6997528076171875	7.2783732414245605
1512060588448	3.485957622528076	8.734047889709473	6.052541732788086
1512060588468	3.754108190536499	9.308655738830566	5.51624059677124
1512060588489	4.098873138427734	9.423578262329102	5.51624059677124
1512060588508	4.290409564971924	9.308655738830566	5.477933406829834
1512060588528	5.056553840637207	9.461885452270508	4.9799394607543945
1512060588548	5.5545477867126465	9.883264541625977	4.175487995147705
1512060588568	5.324704647064209	10.036493301391602	3.6391866207122803
1512060588588	4.711789131164551	9.768342971801758	3.2178070545196533
1512060588608	3.8307228088378906	9.346963882446289	3.141192674636841
1512060588628	3.869029998779297	8.772355079650879	2.873042106628418
1512060588648	3.600879430770874	8.35097599029541	2.183511972427368
1512060588668	2.5282769203186035	8.35097599029541	1.7621324062347412
1512060588688	2.183511972427368	8.236053466796875	0.5363011956214905
1512060588708	2.451662540435791	8.197746276855469	-0.4596867263317108
1512060588728	3.7924153804779053	8.35097599029541	-1.6855180263519287
1512060588748	3.5625722408294678	8.504204750061035	-1.1875240802764893
1512060588768	2.873042106628418	8.465897560119629	1.0342950820922852
1512060588788	3.2178070545196533	8.427590370178223	1.1109095811843872
1512060588809	4.213795185089111	8.580819129943848	-0.689530074596405
1512060588828	4.367023944854736	8.772355079650879	-1.2641384601593018
1512060588848	3.8307228088378906	8.65743350982666	-0.5363011956214905
1512060588868	2.75812029838562	8.542511940002441	0.07661445438861847
1512060588888	2.5282769203186035	8.35097599029541	-0.5363011956214905
1512060588908	2.7964274883270264	8.044517517089844	-1.3407529592514038
1512060588928	2.873042106628418	7.929595947265625	-0.727837324142456
1512060588948	2.5282769203186035	7.7763671875	-0.15322890877723694
1512060588968	2.1068975925445557	7.814674377441406	-0.8044517636299133
1512060588988	2.0685901641845703	7.814674377441406	-1.3407529592514038
1512060589008	2.1068975925445557	7.814674377441406	-1.3407529592514038
1512060589028	2.145204782485962	7.814674377441406	-0.8044517636299133
1512060589048	2.2218191623687744	7.738059997558594	-0.49799394607543945
1512060589068	2.298433542251587	7.8529815673828125	-0.4596867263317108
1512060589088	2.030282974243164	7.738059997558594	0.0
1512060589108	2.183511972427368	7.8529815673828125	0.038307227194309235
1512060589128	2.4899697303771973	7.814674377441406	-0.4213795065879822
1512060589148	2.719813108444214	8.159439086914062	-1.2258312702178955
1512060589168	2.911349296569824	8.08282470703125	-1.5705963373184204
1512060589188	2.5665841102600098	8.08282470703125	-2.030282974243164
1512060589208	2.7964274883270264	8.08282470703125	-2.0685901641845703
1512060589228	3.2561142444610596	8.504204750061035	-2.3750481605529785
1512060589248	3.026270866394043	8.465897560119629	-2.6431987285614014
1512060589268	2.145204782485962	8.274360656738281	-2.1068975925445557
1512060589288	1.800439715385437	8.08282470703125	-1.6089035272598267
1512060589308	2.145204782485962	8.312667846679688	-2.3367409706115723
1512060589328	2.6431987285614014	8.427590370178223	-3.6774938106536865
1512060589348	1.9536685943603516	8.542511940002441	-4.175487995147705
1512060589368	0.8427590131759644	8.312667846679688	-2.9879636764526367
1512060589388	0.9959878921508789	7.929595947265625	-0.6512228846549988
1512060589408	2.0685901641845703	7.5848307609558105	-0.2298433631658554
1512060589428	3.064578056335449	7.8529815673828125	-1.9536685943603516
1512060589449	1.7621324062347412	8.197746276855469	-2.9879636764526367
1512060589468	0.6512228846549988	8.580819129943848	-3.064578056335449
1512060589488	0.8044517636299133	8.96389102935791	-2.5665841102600098
1512060589508	2.183511972427368	8.887276649475098	-2.1068975925445557
1512060589528	3.5242648124694824	8.695740699768066	-1.647210717201233
1512060589548	2.75812029838562	8.925583839416504	-1.2258312702178955
1512060589568	0.8044517636299133	9.385271072387695	-0.5363011956214905
1512060589588	0.19153612852096558	9.883264541625977	-1.455674648284912
1512060589608	1.0342950820922852	10.266336441040039	-2.145204782485962
1512060589628	2.8347349166870117	10.15141487121582	-1.072602391242981
1512060589648	2.2601263523101807	9.691728591918945	-0.15322890877723694
1512060589668	0.9959878921508789	9.117119789123535	0.26815059781074524
1512060589688	0.26815059781074524	8.65743350982666	-0.6512228846549988
1512060589708	0.5363011956214905	9.117119789123535	-1.1875240802764893
1512060589728	1.4173674583435059	9.615114212036133	-0.3064578175544739
1512060589748	1.647210717201233	9.959878921508789	0.5746083855628967
1512060589768	1.8387469053268433	10.228029251098633	0.8810662031173706
1512060589788	2.3750481605529785	10.5344877243042	0.727837324142456
1512060589808	2.873042106628418	11.338939666748047	0.38307225704193115
1512060589828	3.8307228088378906	12.181697845458984	0.07661445438861847
1512060589848	3.7924153804779053	12.143390655517578	0.1149216815829277
1512060589868	2.719813108444214	11.453861236572266	-0.07661445438861847
1512060589889	2.1068975925445557	10.649409294128418	-0.2298433631658554
1512060589908	2.2218191623687744	10.611102104187012	0.07661445438861847
1512060589928	2.183511972427368	10.342951774597168	0.8044517636299133
1512060589948	1.6089035272598267	10.15141487121582	1.1492167711257935
1512060589968	1.3407529592514038	9.730035781860352	0.689530074596405
1512060589988	1.723825216293335	9.730035781860352	0.0
1512060590008	2.145204782485962	10.074800491333008	-0.4596867263317108
1512060590028	2.5665841102600098	10.496180534362793	-0.38307225704193115
1512060590048	2.9496564865112305	10.113107681274414	0.3447650372982025
1512060590068	3.2561142444610596	9.653421401977539	0.4213795065879822
1512060590088	3.2178070545196533	9.423578262329102	-0.3447650372982025
1512060590108	3.026270866394043	9.461885452270508	-0.49799394607543945
1512060590128	3.2561142444610596	9.53849983215332	0.07661445438861847
1512060590152	3.2561142444610596	9.27034854888916	0.8044517636299133
1512060590168	3.7158010005950928	9.040505409240723	0.8810662031173706
1512060590188	3.064578056335449	9.193734169006348	1.3024457693099976
1512060590209	2.8347349166870117	9.078812599182129	0.9193734526634216
1512060590228	2.4133553504943848	9.117119789123535	0.07661445438861847
1512060590248	2.873042106628418	9.423578262329102	-0.038307227194309235
1512060590268	4.443638324737549	10.074800491333008	0.26815059781074524
1512060590288	4.481945514678955	10.496180534362793	0.6512228846549988
1512060590308	3.485957622528076	10.5344877243042	0.49799394607543945
1512060590328	2.1068975925445557	10.381258964538574	-0.38307225704193115
1512060590348	1.7621324062347412	9.84495735168457	-1.723825216293335
1512060590368	2.451662540435791	9.959878921508789	-1.5705963373184204
1512060590388	2.9879636764526367	10.917559623718262	-0.07661445438861847
1512060590408	3.2178070545196533	11.262324333190918	0.26815059781074524
1512060590438	1.4939818382263184	10.879252433776855	-0.1149216815829277
1512060590454	2.8347349166870117	9.768342971801758	-1.6089035272598267
1512060590469	2.4133553504943848	9.615114212036133	-0.9576807022094727
1512060590488	2.0685901641845703	9.730035781860352	-0.4213795065879822
1512060590513	1.800439715385437	9.959878921508789	-0.8427590131759644
1512060590528	0.7661445140838623	9.806650161743164	-1.7621324062347412
1512060590548	2.3750481605529785	9.155426979064941	-1.6855180263519287
1512060590568	2.5665841102600098	9.53849983215332	0.9576807022094727
1512060590588	3.907337188720703	9.653421401977539	1.4939818382263184
1512060590608	3.064578056335449	9.500192642211914	1.1875240802764893
1512060590628	2.183511972427368	9.002198219299316	0.2298433631658554
1512060590648	2.3367409706115723	8.580819129943848	-2.3750481605529785
1512060590668	1.1492167711257935	8.96389102935791	-4.252102375030518
1512060590688	0.9576807022094727	9.385271072387695	-4.213795185089111
1512060590708	1.3407529592514038	9.155426979064941	-2.3367409706115723
1512060590728	1.5705963373184204	8.65743350982666	-0.8810662031173706
1512060590748	2.0685901641845703	8.274360656738281	-0.727837324142456
1512060590768	2.3750481605529785	8.159439086914062	-1.1492167711257935
1512060590789	2.2601263523101807	8.427590370178223	-1.0342950820922852
1512060590808	2.0685901641845703	8.580819129943848	-1.1109095811843872
1512060590828	1.9919757843017578	8.465897560119629	-1.3024457693099976
1512060590848	1.8770540952682495	8.504204750061035	-1.9919757843017578
1512060590868	2.4133553504943848	8.427590370178223	-2.3750481605529785
1512060590888	2.4899697303771973	8.504204750061035	-1.8387469053268433
1512060590908	2.4899697303771973	8.580819129943848	-1.9153614044189453
1512060590928	2.2218191623687744	8.734047889709473	-2.451662540435791
1512060590948	2.183511972427368	8.772355079650879	-2.298433542251587
1512060590968	2.6815059185028076	8.695740699768066	-1.647210717201233
1512060590988	3.1028854846954346	8.887276649475098	-1.455674648284912
1512060591008	2.4133553504943848	9.040505409240723	-2.183511972427368
1512060591028	2.3367409706115723	8.810662269592285	-2.298433542251587
1512060591048	2.145204782485962	8.695740699768066	-2.2218191623687744
1512060591068	1.9536685943603516	8.772355079650879	-2.5282769203186035
1512060591089	1.723825216293335	8.887276649475098	-2.911349296569824
1512060591111	1.5322890281677246	8.772355079650879	-2.5282769203186035
1512060591128	1.5322890281677246	8.274360656738281	-1.5705963373184204
1512060591148	1.723825216293335	8.08282470703125	-0.8810662031173706
1512060591168	1.6855180263519287	8.35097599029541	-1.455674648284912
1512060591188	1.3024457693099976	8.65743350982666	-2.5665841102600098
1512060591208	1.5705963373184204	8.619126319885254	-2.719813108444214
1512060591228	1.647210717201233	8.427590370178223	-2.3750481605529785
1512060591248	1.800439715385437	8.504204750061035	-2.0685901641845703
1512060591268	1.5322890281677246	8.619126319885254	-2.183511972427368
1512060591288	1.455674648284912	8.734047889709473	-2.451662540435791
1512060591309	1.7621324062347412	8.65743350982666	-2.5665841102600098
1512060591328	2.0685901641845703	8.619126319885254	-2.719813108444214
1512060591348	2.183511972427368	8.580819129943848	-2.75812029838562
1512060591368	2.4899697303771973	8.695740699768066	-2.7964274883270264
1512060591388	2.9496564865112305	8.695740699768066	-2.6815059185028076
1512060591408	3.2178070545196533	8.236053466796875	-2.6815059185028076
1512060591429	3.3710360527038574	7.891288757324219	-2.5665841102600098
1512060591448	3.5242648124694824	7.661445617675781	-1.6855180263519287
1512060591468	3.7158010005950928	7.546523571014404	-2.0685901641845703
1512060591488	2.5282769203186035	7.5848307609558105	-2.6815059185028076
1512060591508	1.6089035272598267	7.508216381072998	-2.2218191623687744
1512060591528	1.9536685943603516	7.623138427734375	-2.2601263523101807
1512060591548	2.6431987285614014	8.159439086914062	-3.9456443786621094
1512060591568	2.298433542251587	8.197746276855469	-4.788403511047363
1512060591588	1.2641384601593018	7.891288757324219	-2.9496564865112305
1512060591608	1.37906014919281	7.8529815673828125	-0.5746083855628967
1512060591628	2.4899697303771973	8.695740699768066	-1.1492167711257935
1512060591648	2.8347349166870117	9.27034854888916	-3.026270866394043
1512060591668	2.3750481605529785	9.385271072387695	-3.3710360527038574
1512060591688	2.2601263523101807	9.232041358947754	-1.723825216293335
1512060591708	2.030282974243164	9.117119789123535	-0.6512228846549988
1512060591728	2.451662540435791	8.925583839416504	-0.49799394607543945
1512060591748	1.9153614044189453	8.848969459533691	-0.15322890877723694
1512060591768	0.8044517636299133	9.53849983215332	-1.6089035272598267
1512060591788	0.26815059781074524	10.304644584655762	-2.7964274883270264
1512060591808	0.9959878921508789	10.381258964538574	-1.647210717201233
1512060591828	2.1068975925445557	10.611102104187012	-0.3447650372982025
1512060591848	2.9496564865112305	11.03248119354248	-0.8810662031173706
1512060591868	2.3367409706115723	11.453861236572266	-2.4899697303771973
1512060591888	2.4133553504943848	11.109095573425293	-2.719813108444214
1512060591908	2.9879636764526367	9.959878921508789	-0.2298433631658554
1512060591928	2.719813108444214	9.730035781860352	0.3064578175544739
1512060591948	2.1068975925445557	9.691728591918945	-0.727837324142456
1512060591968	1.6855180263519287	9.998186111450195	-2.0685901641845703
1512060591988	1.3407529592514038	10.113107681274414	-2.5282769203186035
1512060592008	1.8387469053268433	9.883264541625977	-1.1875240802764893
1512060592028	3.3710360527038574	9.576807022094727	0.2298433631658554
1512060592048	3.8307228088378906	9.53849983215332	1.1109095811843872
1512060592068	3.6391866207122803	9.730035781860352	0.3064578175544739
1512060592088	3.2561142444610596	10.457873344421387	-1.647210717201233
1512060592108	2.8347349166870117	10.649409294128418	-2.1068975925445557
1512060592128	2.9879636764526367	9.998186111450195	-0.38307225704193115
1512060592148	2.9879636764526367	9.576807022094727	0.8044517636299133
1512060592168	2.8347349166870117	9.768342971801758	0.6129156351089478
1512060592188	2.6815059185028076	10.036493301391602	-0.8810662031173706
1512060592208	2.3367409706115723	9.461885452270508	-1.5705963373184204
1512060592228	2.5282769203186035	8.542511940002441	-0.8810662031173706
1512060592248	3.44765043258667	8.08282470703125	0.0
1512060592268	3.907337188720703	8.542511940002441	0.2298433631658554
1512060592288	3.9839515686035156	9.078812599182129	-0.2298433631658554
1512060592308	4.290409564971924	8.772355079650879	-0.26815059781074524
1512060592329	4.481945514678955	8.465897560119629	0.1149216815829277
1512060592348	4.252102375030518	9.155426979064941	-0.07661445438861847
1512060592368	3.485957622528076	8.619126319885254	-0.727837324142456
1512060592388	3.44765043258667	8.236053466796875	-0.5746083855628967
1512060592408	3.9456443786621094	7.623138427734375	-0.5363011956214905
1512060592428	3.5625722408294678	8.044517517089844	-1.723825216293335
1512060592448	2.6815059185028076	8.810662269592285	-2.6815059185028076
1512060592468	3.064578056335449	9.040505409240723	-2.3750481605529785
1512060592488	3.907337188720703	9.078812599182129	-0.727837324142456
1512060592508	5.324704647064209	9.117119789123535	0.38307225704193115
1512060592528	4.252102375030518	9.461885452270508	1.2258312702178955
1512060592548	3.064578056335449	10.113107681274414	-0.15322890877723694
1512060592568	2.2218191623687744	10.457873344421387	-0.9193734526634216
1512060592588	3.026270866394043	10.189722061157227	-0.5363011956214905
1512060592608	4.290409564971924	10.189722061157227	1.5705963373184204
1512060592628	5.018246650695801	10.266336441040039	2.4133553504943848
1512060592649	3.754108190536499	10.72602367401123	0.5363011956214905
1512060592668	2.3750481605529785	10.687716484069824	-1.647210717201233
1512060592688	3.179499864578247	10.41956615447998	-0.8427590131759644
1512060592708	6.090848922729492	9.883264541625977	0.8427590131759644
1512060592728	5.056553840637207	10.381258964538574	0.9193734526634216
1512060592748	3.7924153804779053	10.572794914245605	-2.4133553504943848
1512060592768	2.1068975925445557	10.342951774597168	-3.026270866394043
1512060592788	2.604891538619995	9.461885452270508	-3.026270866394043
1512060592808	3.9456443786621094	8.96389102935791	-0.727837324142456
1512060592828	3.6774938106536865	9.193734169006348	-0.15322890877723694
1512060592848	2.2601263523101807	9.768342971801758	-1.8387469053268433
1512060592868	1.1109095811843872	9.768342971801758	-3.294421434402466
1512060592888	3.8307228088378906	8.925583839416504	-3.064578056335449
1512060592908	4.443638324737549	8.887276649475098	0.038307227194309235
1512060592928	3.869029998779297	9.232041358947754	0.1149216815829277
1512060592948	2.9879636764526367	9.615114212036133	-1.455674648284912
1512060592969	2.145204782485962	9.500192642211914	-1.800439715385437
1512060592988	3.485957622528076	8.504204750061035	0.038307227194309235
1512060593008	3.9839515686035156	8.35097599029541	1.1492167711257935
1512060593028	3.294421434402466	9.002198219299316	0.15322890877723694
1512060593048	2.6815059185028076	9.385271072387695	-1.0342950820922852
1512060593068	2.604891538619995	9.346963882446289	-1.1875240802764893
1512060593088	2.6815059185028076	8.848969459533691	-1.9153614044189453
1512060593108	2.6431987285614014	8.734047889709473	-2.2218191623687744
1512060593128	2.451662540435791	8.925583839416504	-1.1109095811843872
1512060593148	2.6431987285614014	8.35097599029541	0.727837324142456
1512060593168	2.2601263523101807	7.967903137207031	1.5705963373184204
1512060593188	2.183511972427368	7.661445617675781	0.9193734526634216
1512060593208	2.2218191623687744	7.7763671875	-0.3447650372982025
1512060593228	1.4939818382263184	8.236053466796875	-1.5322890281677246
1512060593248	1.1875240802764893	8.695740699768066	-2.7964274883270264
1512060593268	2.183511972427368	9.040505409240723	-2.719813108444214
1512060593288	2.8347349166870117	8.848969459533691	-1.9153614044189453
1512060593308	2.7964274883270264	8.274360656738281	-0.8810662031173706
1512060593328	2.2218191623687744	7.967903137207031	0.3064578175544739
1512060593348	2.4133553504943848	7.623138427734375	-0.2298433631658554
1512060593368	2.298433542251587	8.006210327148438	-1.7621324062347412
1512060593388	2.5665841102600098	8.427590370178223	-3.064578056335449
1512060593408	2.4133553504943848	8.427590370178223	-2.145204782485962
1512060593428	2.604891538619995	8.389283180236816	-0.9193734526634216
1512060593448	2.911349296569824	8.580819129943848	-0.8044517636299133
1512060593468	2.5282769203186035	8.810662269592285	-1.4939818382263184
1512060593488	2.4133553504943848	8.925583839416504	-1.37906014919281
1512060593508	2.298433542251587	8.96389102935791	-0.5746083855628967
1512060593528	2.6815059185028076	9.117119789123535	-0.4213795065879822
1512060593548	2.4899697303771973	9.078812599182129	-0.9576807022094727
1512060593568	1.9919757843017578	8.96389102935791	-0.8427590131759644
1512060593588	1.800439715385437	8.96389102935791	-0.689530074596405
1512060593608	1.9919757843017578	9.078812599182129	-1.0342950820922852
1512060593628	2.145204782485962	9.193734169006348	-1.3407529592514038
1512060593648	2.3367409706115723	9.155426979064941	-0.8427590131759644
1512060593668	2.5282769203186035	9.040505409240723	-1.072602391242981
1512060593688	2.3750481605529785	9.040505409240723	-1.37906014919281
1512060593708	2.604891538619995	9.002198219299316	-0.7661445140838623
1512060593728	3.7924153804779053	8.772355079650879	0.0
1512060593748	4.9799394607543945	8.197746276855469	0.9193734526634216
1512060593768	5.592854976654053	8.08282470703125	-0.4596867263317108
1512060593788	5.363011837005615	8.044517517089844	-2.5665841102600098
1512060593808	4.022258758544922	7.891288757324219	-2.5282769203186035
1512060593828	3.179499864578247	7.4316020011901855	-0.6512228846549988
1512060593848	3.332728862762451	7.316680431365967	-0.038307227194309235
1512060593868	3.7924153804779053	7.5848307609558105	-1.2258312702178955
1512060593888	3.4093432426452637	7.7763671875	-2.7964274883270264
1512060593908	2.183511972427368	7.7763671875	-2.6815059185028076
1512060593928	2.2218191623687744	7.891288757324219	-2.1068975925445557
1512060593948	2.7964274883270264	8.65743350982666	-2.9496564865112305
1512060593968	3.179499864578247	8.810662269592285	-3.5242648124694824
1512060593988	3.332728862762451	8.504204750061035	-2.183511972427368
1512060594008	2.298433542251587	8.925583839416504	-1.9919757843017578
1512060594028	0.49799394607543945	9.959878921508789	-3.44765043258667
1512060594048	0.19153612852096558	10.266336441040039	-4.32871675491333
1512060594068	0.2298433631658554	10.189722061157227	-3.1028854846954346
1512060594088	0.8044517636299133	9.500192642211914	-1.9536685943603516
1512060594108	1.1875240802764893	9.691728591918945	-0.689530074596405
1512060594128	1.1875240802764893	9.423578262329102	0.15322890877723694
1512060594148	0.6129156351089478	9.078812599182129	0.4596867263317108
1512060594168	0.3064578175544739	9.040505409240723	-1.5322890281677246
1512060594188	0.4596867263317108	9.615114212036133	-2.451662540435791
1512060594208	0.4596867263317108	10.189722061157227	-2.145204782485962
1512060594228	-0.19153612852096558	10.189722061157227	-1.647210717201233
1512060594248	0.0	9.653421401977539	-0.8810662031173706
1512060594268	0.0	9.691728591918945	-0.727837324142456
1512060594288	1.37906014919281	11.070788383483887	-2.030282974243164
1512060594308	1.723825216293335	12.143390655517578	-1.5705963373184204
1512060594328	2.030282974243164	11.492168426513672	0.38307225704193115
1512060594348	2.3367409706115723	10.15141487121582	0.727837324142456
1512060594368	1.37906014919281	9.806650161743164	-0.15322890877723694
1512060594388	1.455674648284912	10.228029251098633	-2.2601263523101807
1512060594408	2.298433542251587	10.72602367401123	-2.2218191623687744
1512060594428	2.719813108444214	10.5344877243042	-0.727837324142456
1512060594449	2.9879636764526367	9.883264541625977	0.5363011956214905
1512060594468	2.873042106628418	9.308655738830566	1.3407529592514038
1512060594488	2.911349296569824	9.193734169006348	0.9576807022094727
1512060594508	3.294421434402466	9.53849983215332	0.19153612852096558
1512060594528	3.1028854846954346	9.308655738830566	0.2298433631658554
1512060594548	2.75812029838562	8.65743350982666	0.727837324142456
1512060594568	2.183511972427368	8.312667846679688	1.1492167711257935
1512060594588	1.7621324062347412	8.312667846679688	0.4596867263317108
1512060594608	1.6089035272598267	8.580819129943848	-0.15322890877723694
1512060594628	1.723825216293335	9.232041358947754	-0.49799394607543945
1512060594648	2.3750481605529785	9.155426979064941	0.19153612852096558
1512060594668	2.4899697303771973	9.27034854888916	1.2258312702178955
1512060594688	3.44765043258667	9.84495735168457	1.0342950820922852
1512060594708	3.44765043258667	10.496180534362793	-0.8044517636299133
1512060594728	3.294421434402466	10.381258964538574	-2.145204782485962
1512060594748	3.7924153804779053	9.576807022094727	-1.800439715385437
1512060594768	3.5625722408294678	9.232041358947754	0.4213795065879822
1512060594788	2.911349296569824	9.117119789123535	1.6855180263519287
1512060594808	2.0685901641845703	9.117119789123535	0.727837324142456
1512060594828	1.9536685943603516	8.925583839416504	-0.19153612852096558
1512060594848	3.1028854846954346	8.925583839416504	-0.9193734526634216
1512060594868	2.6815059185028076	9.883264541625977	-0.7661445140838623
1512060594888	2.4133553504943848	10.611102104187012	-0.38307225704193115
1512060594908	1.9919757843017578	10.802638053894043	0.6512228846549988
1512060594928	2.5282769203186035	10.5344877243042	1.8770540952682495
1512060594948	3.026270866394043	10.15141487121582	1.9919757843017578
1512060594968	2.030282974243164	10.15141487121582	0.8427590131759644
1512060594988	0.9576807022094727	10.15141487121582	-0.19153612852096558
1512060595008	0.4213795065879822	9.691728591918945	-0.038307227194309235
1512060595028	0.727837324142456	8.887276649475098	0.4596867263317108
1512060595048	1.5705963373184204	8.734047889709473	0.3447650372982025
1512060595068	1.1875240802764893	10.342951774597168	-0.8427590131759644
1512060595088	0.689530074596405	11.070788383483887	-2.030282974243164
1512060595108	-0.2298433631658554	10.572794914245605	-1.5705963373184204
1512060595128	1.647210717201233	9.385271072387695	-1.1875240802764893
1512060595148	3.179499864578247	9.117119789123535	-0.07661445438861847
1512060595168	1.37906014919281	9.959878921508789	1.1109095811843872
1512060595188	1.2641384601593018	10.342951774597168	-1.37906014919281
1512060595208	-0.1149216815829277	10.15141487121582	-3.064578056335449
1512060595228	0.38307225704193115	9.155426979064941	-2.8347349166870117
1512060595248	1.9153614044189453	8.542511940002441	-1.1492167711257935
1512060595270	2.030282974243164	9.691728591918945	0.26815059781074524
1512060595299	2.3750481605529785	10.266336441040039	-0.9193734526634216
1512060595316	1.455674648284912	10.228029251098633	-1.072602391242981
1512060595343	1.455674648284912	9.193734169006348	-0.6129156351089478
1512060595357	2.911349296569824	8.389283180236816	-0.3064578175544739
1512060595371	2.030282974243164	8.96389102935791	0.49799394607543945
1512060595388	2.030282974243164	9.308655738830566	-0.49799394607543945
1512060595408	1.5705963373184204	9.461885452270508	-1.4939818382263184
1512060595428	1.6089035272598267	9.117119789123535	-1.2258312702178955
1512060595448	2.030282974243164	8.734047889709473	-1.0342950820922852
1512060595468	1.647210717201233	8.925583839416504	-0.9193734526634216
1512060595488	1.647210717201233	9.040505409240723	-1.5705963373184204
1512060595508	1.2641384601593018	9.040505409240723	-1.6855180263519287
1512060595528	1.9536685943603516	8.236053466796875	-1.4173674583435059
1512060595548	2.6815059185028076	8.312667846679688	-1.3407529592514038
1512060595568	2.6431987285614014	8.925583839416504	-0.6512228846549988
1512060595588	2.6431987285614014	9.27034854888916	-1.723825216293335
1512060595608	2.3750481605529785	9.615114212036133	-2.719813108444214
1512060595628	3.064578056335449	9.232041358947754	-2.5665841102600098
1512060595648	3.3710360527038574	9.002198219299316	-1.37906014919281
1512060595669	3.485957622528076	9.040505409240723	-0.8044517636299133
1512060595688	3.064578056335449	9.232041358947754	-1.455674648284912
1512060595708	2.4899697303771973	9.078812599182129	-1.647210717201233
1512060595728	2.2601263523101807	8.695740699768066	-0.6512228846549988
1512060595748	2.2218191623687744	8.580819129943848	0.2298433631658554
1512060595768	2.4899697303771973	8.65743350982666	-0.26815059781074524
1512060595788	1.723825216293335	8.887276649475098	-1.1875240802764893
1512060595808	1.37906014919281	8.848969459533691	-1.5705963373184204
1512060595828	1.1109095811843872	8.695740699768066	-0.9959878921508789
1512060595848	1.1109095811843872	8.504204750061035	-0.8044517636299133
1512060595868	1.0342950820922852	8.695740699768066	-1.072602391242981
1512060595888	1.1109095811843872	8.887276649475098	-1.6855180263519287
1512060595908	1.072602391242981	8.96389102935791	-2.0685901641845703
1512060595928	1.1109095811843872	8.772355079650879	-1.7621324062347412
1512060595948	1.2641384601593018	8.848969459533691	-1.2641384601593018
1512060595968	1.5705963373184204	8.772355079650879	-0.689530074596405
1512060595989	1.9919757843017578	9.193734169006348	-1.455674648284912
1512060596008	2.2218191623687744	9.346963882446289	-1.8770540952682495
1512060596028	2.030282974243164	9.155426979064941	-1.5705963373184204
1512060596048	2.0685901641845703	8.734047889709473	-1.072602391242981
1512060596068	2.2601263523101807	8.427590370178223	-0.9576807022094727
1512060596088	2.1068975925445557	8.274360656738281	-1.4939818382263184
1512060596108	2.0685901641845703	8.121131896972656	-1.800439715385437
1512060596128	2.0685901641845703	8.08282470703125	-1.6089035272598267
1512060596148	2.298433542251587	7.929595947265625	-1.1492167711257935
1512060596168	2.604891538619995	8.006210327148438	-1.37906014919281
1512060596188	2.6431987285614014	8.159439086914062	-1.8770540952682495
1512060596208	2.5665841102600098	8.389283180236816	-1.723825216293335
1512060596228	2.4133553504943848	8.465897560119629	-1.723825216293335
1512060596248	2.4133553504943848	8.236053466796875	-2.1068975925445557
1512060596268	3.026270866394043	8.580819129943848	-2.4133553504943848
1512060596288	3.7158010005950928	9.078812599182129	-1.0342950820922852
1512060596308	1.9919757843017578	8.580819129943848	0.38307225704193115
1512060596328	0.6129156351089478	8.35097599029541	-1.9919757843017578
1512060596348	1.5322890281677246	9.193734169006348	-4.405331134796143
1512060596368	3.064578056335449	9.998186111450195	-3.4093432426452637
1512060596388	2.030282974243164	9.615114212036133	-0.8427590131759644
1512060596408	0.727837324142456	8.734047889709473	0.7661445140838623
1512060596428	1.1492167711257935	9.002198219299316	-1.1492167711257935
1512060596448	2.2218191623687744	9.653421401977539	-2.183511972427368
1512060596468	1.5705963373184204	9.768342971801758	-2.4133553504943848
1512060596488	0.689530074596405	9.615114212036133	-4.137180328369141
1512060596508	0.3064578175544739	9.232041358947754	-4.520252704620361
1512060596528	0.8427590131759644	9.117119789123535	-2.0685901641845703
1512060596548	2.030282974243164	9.84495735168457	-0.6512228846549988
1512060596568	1.2641384601593018	10.266336441040039	-1.6855180263519287
1512060596588	0.6512228846549988	9.959878921508789	-2.4133553504943848
1512060596608	0.7661445140838623	9.461885452270508	-0.8810662031173706
1512060596628	2.183511972427368	9.959878921508789	0.6129156351089478
1512060596648	2.7964274883270264	10.955866813659668	0.15322890877723694
1512060596668	2.6431987285614014	10.879252433776855	-0.8810662031173706
1512060596688	1.800439715385437	10.342951774597168	-1.0342950820922852
1512060596708	0.9576807022094727	9.883264541625977	-0.6512228846549988
1512060596728	0.6512228846549988	9.730035781860352	-0.727837324142456
1512060596748	1.2258312702178955	10.074800491333008	-0.6512228846549988
1512060596768	2.145204782485962	10.304644584655762	-0.6129156351089478
1512060596788	1.9153614044189453	10.189722061157227	-1.2641384601593018
1512060596808	1.1492167711257935	9.730035781860352	-2.3367409706115723
1512060596828	1.1492167711257935	9.768342971801758	-2.0685901641845703
1512060596848	1.6855180263519287	10.074800491333008	-1.3024457693099976
1512060596868	1.9536685943603516	10.228029251098633	-0.9959878921508789
1512060596888	2.183511972427368	10.113107681274414	-1.6089035272598267
1512060596908	2.6431987285614014	10.189722061157227	-1.1109095811843872
1512060596928	3.141192674636841	10.189722061157227	-0.49799394607543945
1512060596948	3.7158010005950928	9.959878921508789	0.3447650372982025
1512060596968	3.869029998779297	10.036493301391602	0.1149216815829277
1512060596988	3.5625722408294678	9.576807022094727	-0.4596867263317108
1512060597008	3.5625722408294678	8.772355079650879	-0.5363011956214905
1512060597028	3.7924153804779053	8.580819129943848	-0.1149216815829277
1512060597048	3.754108190536499	8.65743350982666	-0.26815059781074524
1512060597068	3.294421434402466	8.465897560119629	-0.6512228846549988
1512060597088	3.600879430770874	8.159439086914062	-0.9193734526634216
1512060597108	3.9456443786621094	8.236053466796875	-0.5363011956214905
1512060597128	3.600879430770874	8.810662269592285	-0.19153612852096558
1512060597148	3.3710360527038574	9.078812599182129	-0.4596867263317108
1512060597168	2.183511972427368	9.423578262329102	-0.8810662031173706
1512060597188	2.3367409706115723	9.078812599182129	-0.8427590131759644
1512060597208	2.8347349166870117	9.040505409240723	-0.6512228846549988
1512060597228	2.911349296569824	9.500192642211914	-1.4939818382263184
1512060597248	2.8347349166870117	10.189722061157227	-3.332728862762451
1512060597269	1.8387469053268433	10.266336441040039	-2.5665841102600098
1512060597288	1.9536685943603516	9.117119789123535	0.4596867263317108
1512060597308	2.7964274883270264	8.619126319885254	2.2601263523101807
1512060597328	1.3024457693099976	10.266336441040039	-1.6855180263519287
1512060597348	0.26815059781074524	10.764330863952637	-2.911349296569824
1512060597368	1.37906014919281	10.113107681274414	-0.15322890877723694
1512060597388	4.520252704620361	10.074800491333008	1.7621324062347412
1512060597408	3.064578056335449	11.875240325927734	0.7661445140838623
1512060597428	3.2561142444610596	12.181697845458984	-2.1068975925445557
1512060597448	2.298433542251587	11.683704376220703	-0.6129156351089478
1512060597469	3.44765043258667	9.959878921508789	1.0342950820922852
1512060597488	3.7158010005950928	9.730035781860352	1.37906014919281
1512060597508	2.604891538619995	10.41956615447998	-0.7661445140838623
1512060597528	1.6089035272598267	10.764330863952637	-3.600879430770874
1512060597548	0.7661445140838623	10.074800491333008	-2.5665841102600098
1512060597568	1.2258312702178955	8.619126319885254	0.4596867263317108
1512060597588	2.4133553504943848	8.197746276855469	0.6129156351089478
1512060597608	1.3407529592514038	9.232041358947754	-1.2258312702178955
1512060597628	1.1875240802764893	9.615114212036133	-2.8347349166870117
1512060597648	0.8044517636299133	9.461885452270508	-2.030282974243164
1512060597668	1.072602391242981	8.96389102935791	-0.2298433631658554
1512060597688	2.5282769203186035	8.236053466796875	1.2258312702178955
1512060597708	2.4133553504943848	8.427590370178223	1.1492167711257935
1512060597728	1.800439715385437	9.27034854888916	-1.7621324062347412
1512060597748	1.6855180263519287	9.53849983215332	-3.5625722408294678
1512060597768	1.9919757843017578	9.232041358947754	-2.5665841102600098
1512060597789	3.1028854846954346	7.814674377441406	0.9576807022094727
1512060597808	3.026270866394043	8.197746276855469	0.9576807022094727
1512060597828	2.719813108444214	9.078812599182129	-1.37906014919281
1512060597848	2.5282769203186035	9.040505409240723	-1.6855180263519287
1512060597868	2.4899697303771973	8.465897560119629	-0.19153612852096558
1512060597888	2.911349296569824	8.274360656738281	0.1149216815829277
1512060597908	3.179499864578247	8.734047889709473	-0.38307225704193115
1512060597939	2.8347349166870117	9.078812599182129	-0.3447650372982025
1512060597957	3.2178070545196533	8.96389102935791	0.5363011956214905
1512060597978	3.3710360527038574	8.772355079650879	0.07661445438861847
1512060597996	3.754108190536499	9.002198219299316	-0.6512228846549988
1512060598010	3.5242648124694824	9.232041358947754	-0.6129156351089478
1512060598028	4.060565948486328	9.27034854888916	-0.3447650372982025
1512060598048	4.137180328369141	9.078812599182129	0.1149216815829277
1512060598068	3.5625722408294678	8.772355079650879	0.5746083855628967
1512060598088	2.9496564865112305	8.65743350982666	0.038307227194309235
1512060598108	2.873042106628418	8.96389102935791	-1.2258312702178955
1512060598128	2.604891538619995	8.848969459533691	-1.8770540952682495
1512060598159	2.2218191623687744	8.542511940002441	-1.3407529592514038
1512060598177	1.9919757843017578	8.312667846679688	-0.6129156351089478
1512060598191	2.2218191623687744	8.312667846679688	-0.3064578175544739
1512060598208	2.2218191623687744	8.542511940002441	-0.4213795065879822
1512060598228	2.298433542251587	8.65743350982666	-0.8810662031173706
1512060598248	1.9919757843017578	8.848969459533691	-1.1492167711257935
1512060598268	2.2218191623687744	8.887276649475098	-1.1492167711257935
1512060598288	2.3750481605529785	8.925583839416504	-0.8044517636299133
1512060598308	2.2601263523101807	8.887276649475098	-0.689530074596405
1512060598330	2.0685901641845703	8.848969459533691	-0.6129156351089478
1512060598353	2.145204782485962	8.65743350982666	-0.6129156351089478
1512060598371	1.9919757843017578	8.65743350982666	-0.9576807022094727
1512060598388	2.030282974243164	8.619126319885254	-0.9576807022094727
1512060598408	2.1068975925445557	8.734047889709473	-0.6512228846549988
1512060598428	2.3750481605529785	8.810662269592285	-0.727837324142456
1512060598448	2.3750481605529785	8.887276649475098	-0.9959878921508789
1512060598468	2.030282974243164	9.040505409240723	-1.8770540952682495
1512060598488	2.2218191623687744	9.232041358947754	-2.298433542251587
1512060598508	2.5665841102600098	9.193734169006348	-1.9536685943603516
1512060598528	3.2561142444610596	9.002198219299316	-1.2258312702178955
1512060598550	3.5242648124694824	8.887276649475098	-0.9193734526634216
1512060598577	3.141192674636841	8.887276649475098	-1.1875240802764893
1512060598597	3.5242648124694824	8.65743350982666	-1.1492167711257935
1512060598623	4.443638324737549	8.236053466796875	-0.4213795065879822
1512060598642	3.869029998779297	7.891288757324219	1.2258312702178955
1512060598669	2.5665841102600098	7.8529815673828125	1.3024457693099976
1512060598685	2.0685901641845703	8.312667846679688	-1.072602391242981
1512060598704	3.179499864578247	9.27034854888916	-3.600879430770874
1512060598720	3.8307228088378906	8.887276649475098	-2.5282769203186035
1512060598735	3.1028854846954346	8.236053466796875	-1.5322890281677246
1512060598750	1.6855180263519287	7.8529815673828125	-1.2258312702178955
1512060598768	1.7621324062347412	8.159439086914062	-1.4939818382263184
1512060598788	2.6431987285614014	8.925583839416504	-2.4133553504943848
1512060598808	2.6431987285614014	9.117119789123535	-3.294421434402466
1512060598828	1.37906014919281	8.772355079650879	-1.9536685943603516
1512060598848	0.07661445438861847	8.504204750061035	-0.2298433631658554
1512060598868	-0.038307227194309235	8.925583839416504	-0.4596867263317108
1512060598888	1.3407529592514038	9.921571731567383	-2.183511972427368
1512060598908	1.9919757843017578	10.572794914245605	-2.873042106628418
1512060598928	2.0685901641845703	10.266336441040039	-2.6815059185028076
1512060598948	1.6089035272598267	9.385271072387695	-0.8810662031173706
1512060598968	0.9959878921508789	8.772355079650879	0.49799394607543945
1512060598988	1.1875240802764893	9.308655738830566	0.2298433631658554
1512060599009	1.8770540952682495	10.15141487121582	-1.6855180263519287
1512060599028	1.9536685943603516	10.611102104187012	-2.9879636764526367
1512060599048	1.5322890281677246	10.036493301391602	-1.8770540952682495
1512060599068	1.9536685943603516	9.615114212036133	-0.7661445140838623
1512060599088	2.145204782485962	9.806650161743164	-0.3064578175544739
1512060599108	2.1068975925445557	10.074800491333008	-1.0342950820922852
1512060599128	2.145204782485962	10.266336441040039	-1.723825216293335
1512060599148	1.7621324062347412	10.036493301391602	-1.9919757843017578
1512060599168	1.5322890281677246	9.959878921508789	-1.5705963373184204
1512060599188	1.800439715385437	9.84495735168457	-0.9576807022094727
1512060599208	1.6089035272598267	9.883264541625977	-1.37906014919281
1512060599228	1.6089035272598267	10.113107681274414	-2.6815059185028076
1512060599248	1.6089035272598267	10.113107681274414	-3.1028854846954346
1512060599268	1.8387469053268433	9.84495735168457	-1.6089035272598267
1512060599288	2.3367409706115723	9.730035781860352	-0.038307227194309235
1512060599308	1.9919757843017578	9.806650161743164	0.15322890877723694
1512060599329	1.5322890281677246	9.768342971801758	-0.8427590131759644
1512060599348	2.2601263523101807	9.806650161743164	-0.9959878921508789
1512060599368	3.026270866394043	9.883264541625977	0.0
1512060599388	2.604891538619995	9.883264541625977	0.3064578175544739
1512060599408	1.8387469053268433	9.653421401977539	-0.38307225704193115
1512060599428	1.9153614044189453	8.887276649475098	-0.8810662031173706
1512060599448	2.3367409706115723	8.96389102935791	0.0
1512060599468	2.75812029838562	9.078812599182129	-0.1149216815829277
1512060599488	2.145204782485962	9.53849983215332	-0.8810662031173706
1512060599508	2.030282974243164	9.040505409240723	-1.1492167711257935
1512060599528	2.4899697303771973	8.504204750061035	-1.2641384601593018
1512060599548	3.141192674636841	8.810662269592285	-0.07661445438861847
1512060599583	3.332728862762451	9.346963882446289	0.19153612852096558
1512060599597	2.873042106628418	9.500192642211914	-0.38307225704193115
1512060599610	3.1028854846954346	9.002198219299316	-0.15322890877723694
1512060599628	2.873042106628418	8.96389102935791	0.3064578175544739
1512060599648	2.2601263523101807	9.155426979064941	0.49799394607543945
1512060599668	1.8387469053268433	9.423578262329102	0.15322890877723694
1512060599688	2.0685901641845703	9.27034854888916	-0.15322890877723694
1512060599708	2.5665841102600098	9.040505409240723	-0.8044517636299133
1512060599728	2.6431987285614014	9.500192642211914	-2.7964274883270264
1512060599748	2.4133553504943848	9.806650161743164	-3.869029998779297
1512060599769	1.4939818382263184	9.615114212036133	-2.1068975925445557
1512060599788	0.727837324142456	9.346963882446289	-0.2298433631658554
1512060599808	0.8427590131759644	9.84495735168457	-0.26815059781074524
1512060599828	1.5322890281677246	10.611102104187012	-1.8387469053268433
1512060599848	2.0685901641845703	11.377246856689453	-2.7964274883270264
1512060599868	1.6089035272598267	11.185709953308105	-1.7621324062347412
1512060599888	1.647210717201233	10.649409294128418	0.2298433631658554
1512060599908	1.647210717201233	10.496180534362793	-0.4213795065879822
1512060599928	2.030282974243164	10.802638053894043	-2.298433542251587
1512060599948	1.647210717201233	11.224017143249512	-2.5282769203186035
1512060599968	2.0685901641845703	10.572794914245605	0.3064578175544739
1512060599988	1.800439715385437	10.15141487121582	0.9193734526634216
1512060600008	1.800439715385437	9.615114212036133	-1.3024457693099976
1512060600030	1.9919757843017578	9.576807022094727	-2.75812029838562
1512060600054	2.604891538619995	9.500192642211914	-1.4939818382263184
1512060600068	2.8347349166870117	9.461885452270508	-1.3024457693099976
1512060600088	2.5282769203186035	9.576807022094727	-1.3407529592514038
1512060600108	2.183511972427368	9.385271072387695	-2.3750481605529785
1512060600128	2.2601263523101807	9.346963882446289	-3.7924153804779053
1512060600148	2.0685901641845703	9.346963882446289	-4.022258758544922
1512060600168	1.9919757843017578	9.423578262329102	-2.719813108444214
1512060600188	2.3750481605529785	9.385271072387695	-1.723825216293335
1512060600208	2.451662540435791	9.27034854888916	-1.1875240802764893
1512060600228	2.719813108444214	9.193734169006348	-1.1492167711257935
1512060600248	2.3750481605529785	9.308655738830566	-0.689530074596405
1512060600268	2.5282769203186035	9.078812599182129	0.26815059781074524
1512060600288	2.030282974243164	8.695740699768066	1.1875240802764893
1512060600308	1.8387469053268433	8.312667846679688	0.689530074596405
1512060600328	1.7621324062347412	8.810662269592285	-1.800439715385437
1512060600349	2.0685901641845703	9.193734169006348	-3.9839515686035156
1512060600368	1.5322890281677246	9.308655738830566	-3.600879430770874
1512060600388	1.7621324062347412	8.695740699768066	-2.030282974243164
1512060600408	2.2601263523101807	8.044517517089844	-1.3407529592514038
1512060600428	2.451662540435791	8.044517517089844	-1.7621324062347412
1512060600448	2.298433542251587	8.236053466796875	-2.1068975925445557
1512060600468	2.5665841102600098	8.236053466796875	-1.8387469053268433
1512060600488	2.8347349166870117	8.236053466796875	-1.4939818382263184
1512060600508	2.8347349166870117	8.35097599029541	-1.6089035272598267
1512060600528	3.1028854846954346	8.772355079650879	-1.4939818382263184
1512060600548	3.3710360527038574	9.002198219299316	-1.37906014919281
1512060600568	2.8347349166870117	9.040505409240723	-1.3024457693099976
1512060600588	2.3750481605529785	8.887276649475098	-1.2641384601593018
1512060600608	2.4899697303771973	9.078812599182129	-1.2258312702178955
1512060600628	2.6815059185028076	9.232041358947754	-1.455674648284912
1512060600648	2.719813108444214	9.117119789123535	-1.800439715385437
1512060600669	2.183511972427368	9.117119789123535	-1.8770540952682495
1512060600688	1.6089035272598267	8.65743350982666	-1.3024457693099976
1512060600708	1.7621324062347412	8.389283180236816	-0.5746083855628967
1512060600728	1.8387469053268433	8.312667846679688	-0.5746083855628967
1512060600748	1.6855180263519287	8.389283180236816	-1.3407529592514038
1512060600768	1.4173674583435059	8.542511940002441	-1.800439715385437
1512060600788	1.37906014919281	8.695740699768066	-1.8387469053268433
1512060600808	1.5322890281677246	8.619126319885254	-1.3407529592514038
1512060600828	1.9153614044189453	8.504204750061035	-0.8810662031173706
1512060600848	2.030282974243164	8.734047889709473	-1.3024457693099976
1512060600868	2.145204782485962	8.96389102935791	-2.0685901641845703
1512060600888	2.0685901641845703	8.96389102935791	-2.451662540435791
1512060600908	2.030282974243164	8.848969459533691	-2.2218191623687744
1512060600928	2.030282974243164	8.695740699768066	-1.0342950820922852
1512060600948	2.873042106628418	8.542511940002441	-0.8044517636299133
1512060600968	2.6431987285614014	9.040505409240723	-1.8770540952682495
1512060600988	2.5282769203186035	9.040505409240723	-2.2218191623687744
1512060601008	2.4899697303771973	8.695740699768066	-0.9959878921508789
1512060601028	3.294421434402466	8.236053466796875	-0.2298433631658554
1512060601048	3.7924153804779053	8.121131896972656	-0.49799394607543945
1512060601068	3.179499864578247	8.465897560119629	-1.3407529592514038
1512060601088	2.3750481605529785	8.734047889709473	-1.6855180263519287
1512060601108	2.298433542251587	8.619126319885254	-1.5705963373184204
1512060601128	3.1028854846954346	8.35097599029541	-1.072602391242981
1512060601148	3.6774938106536865	8.542511940002441	-0.727837324142456
1512060601168	3.294421434402466	9.002198219299316	-1.1492167711257935
1512060601188	2.6815059185028076	9.002198219299316	-2.030282974243164
1512060601208	2.8347349166870117	8.619126319885254	-1.1109095811843872
1512060601228	3.5242648124694824	8.236053466796875	0.4596867263317108
1512060601248	3.332728862762451	8.274360656738281	0.3447650372982025
1512060601268	2.0685901641845703	8.925583839416504	-2.3750481605529785
1512060601288	0.8427590131759644	9.806650161743164	-4.175487995147705
1512060601308	1.2641384601593018	10.074800491333008	-3.6391866207122803
1512060601328	1.5705963373184204	10.074800491333008	-2.145204782485962
1512060601348	1.647210717201233	9.921571731567383	-1.723825216293335
1512060601368	1.37906014919281	9.806650161743164	-0.5363011956214905
1512060601388	2.030282974243164	9.346963882446289	0.0
1512060601408	2.2218191623687744	9.27034854888916	-0.5746083855628967
1512060601428	2.2601263523101807	9.53849983215332	-0.49799394607543945
1512060601448	2.2218191623687744	9.653421401977539	-0.38307225704193115
1512060601468	1.647210717201233	9.500192642211914	-1.2641384601593018
1512060601488	1.4939818382263184	9.232041358947754	-1.8770540952682495
1512060601508	1.8387469053268433	9.653421401977539	-2.2601263523101807
1512060601528	3.1028854846954346	10.381258964538574	-1.2641384601593018
1512060601548	3.754108190536499	10.917559623718262	-0.3447650372982025
1512060601568	3.5625722408294678	10.687716484069824	-0.6512228846549988
1512060601588	3.064578056335449	10.457873344421387	-0.727837324142456
1512060601608	3.1028854846954346	10.381258964538574	-0.49799394607543945
1512060601628	3.2178070545196533	10.611102104187012	0.038307227194309235
1512060601648	3.3710360527038574	10.304644584655762	-0.1149216815829277
1512060601668	3.5242648124694824	9.730035781860352	-0.19153612852096558
1512060601688	2.604891538619995	9.500192642211914	-1.2641384601593018
1512060601708	1.647210717201233	8.96389102935791	-2.2601263523101807
1512060601728	1.5322890281677246	8.465897560119629	-0.8810662031173706
1512060601757	1.8387469053268433	8.695740699768066	0.4596867263317108
1512060601783	2.2601263523101807	9.040505409240723	0.5363011956214905
1512060601800	2.6431987285614014	9.193734169006348	-0.3447650372982025
1512060601814	2.4133553504943848	9.346963882446289	-0.6512228846549988
1512060601830	2.298433542251587	9.576807022094727	-0.38307225704193115
1512060601848	3.2178070545196533	9.959878921508789	0.5363011956214905
1512060601868	3.294421434402466	10.15141487121582	-0.727837324142456
1512060601888	2.6815059185028076	10.113107681274414	-1.4939818382263184
1512060601908	2.145204782485962	9.84495735168457	-0.727837324142456
1512060601928	2.4133553504943848	9.53849983215332	-0.3447650372982025
1512060601948	3.5625722408294678	9.193734169006348	-0.49799394607543945
1512060601968	3.8307228088378906	9.155426979064941	-1.455674648284912
1512060601988	3.5625722408294678	9.155426979064941	-2.3750481605529785
1512060602008	2.604891538619995	9.385271072387695	-2.2218191623687744
1512060602028	2.2218191623687744	9.27034854888916	-1.7621324062347412
1512060602048	2.4899697303771973	9.040505409240723	0.038307227194309235
1512060602068	2.6431987285614014	8.96389102935791	1.4173674583435059
1512060602088	2.5282769203186035	9.27034854888916	-0.15322890877723694
1512060602108	1.8770540952682495	9.500192642211914	-2.451662540435791
1512060602128	0.5363011956214905	9.576807022094727	-2.719813108444214
1512060602148	1.072602391242981	9.84495735168457	-1.3024457693099976
1512060602168	2.604891538619995	10.228029251098633	0.7661445140838623
1512060602188	2.6815059185028076	10.572794914245605	-0.15322890877723694
1512060602208	2.3367409706115723	10.381258964538574	-2.3367409706115723
1512060602228	1.2258312702178955	10.228029251098633	-2.2601263523101807
1512060602248	1.6855180263519287	10.611102104187012	-0.8427590131759644
1512060602268	3.600879430770874	11.30063247680664	-0.07661445438861847
1512060602288	3.869029998779297	11.453861236572266	-0.4596867263317108
1512060602308	3.179499864578247	10.15141487121582	-1.8770540952682495
1512060602328	2.3750481605529785	9.883264541625977	-0.2298433631658554
1512060602348	2.030282974243164	9.691728591918945	-0.038307227194309235
1512060602368	1.9919757843017578	9.921571731567383	-1.072602391242981
1512060602388	1.723825216293335	9.921571731567383	-1.5322890281677246
1512060602408	3.294421434402466	9.232041358947754	-0.8427590131759644
1512060602428	3.907337188720703	9.385271072387695	0.4596867263317108
1512060602448	3.294421434402466	9.883264541625977	0.5746083855628967
1512060602468	2.6815059185028076	10.189722061157227	-0.9193734526634216
1512060602488	2.3367409706115723	9.84495735168457	-1.9536685943603516
1512060602508	2.75812029838562	9.461885452270508	-0.9576807022094727
1512060602528	2.6431987285614014	9.193734169006348	0.26815059781074524
1512060602548	2.451662540435791	9.002198219299316	-0.49799394607543945
1512060602568	2.8347349166870117	9.232041358947754	-1.1492167711257935
1512060602588	2.7964274883270264	9.27034854888916	-0.9959878921508789
1512060602608	2.9496564865112305	8.848969459533691	-0.5746083855628967
1512060602628	2.5282769203186035	8.810662269592285	-0.4596867263317108
1512060602648	2.4133553504943848	8.695740699768066	-0.49799394607543945
1512060602668	2.2601263523101807	8.580819129943848	-0.7661445140838623
1512060602688	1.8770540952682495	8.772355079650879	-2.030282974243164
1512060602708	1.2641384601593018	9.078812599182129	-2.75812029838562
1512060602728	1.1109095811843872	9.078812599182129	-2.2601263523101807
1512060602748	1.1875240802764893	8.848969459533691	-1.723825216293335
1512060602768	2.3750481605529785	8.580819129943848	-1.1109095811843872
1512060602788	2.4899697303771973	8.542511940002441	-1.0342950820922852
1512060602808	2.2218191623687744	8.619126319885254	-1.6855180263519287
1512060602828	2.298433542251587	8.65743350982666	-1.4939818382263184
1512060602849	2.4899697303771973	8.35097599029541	-1.0342950820922852
1512060602868	2.4133553504943848	8.197746276855469	-0.26815059781074524
1512060602888	2.2218191623687744	8.35097599029541	-0.5746083855628967
1512060602908	1.8387469053268433	8.465897560119629	-1.5322890281677246
1512060602928	1.4939818382263184	8.465897560119629	-1.647210717201233
1512060602948	1.6089035272598267	8.504204750061035	-1.072602391242981
1512060602968	1.4173674583435059	8.312667846679688	-0.689530074596405
1512060602988	1.455674648284912	8.35097599029541	-1.072602391242981
1512060603008	1.37906014919281	8.619126319885254	-1.3407529592514038
1512060603028	1.0342950820922852	8.734047889709473	-1.6089035272598267
1512060603048	0.9576807022094727	8.695740699768066	-1.1492167711257935
1512060603068	0.9576807022094727	8.580819129943848	-0.6512228846549988
1512060603088	0.8427590131759644	8.695740699768066	-0.9576807022094727
1512060603108	0.7661445140838623	8.887276649475098	-1.2258312702178955
1512060603128	1.2258312702178955	9.040505409240723	-1.5322890281677246
1512060603148	1.2258312702178955	9.040505409240723	-1.5705963373184204
1512060603168	1.3407529592514038	8.810662269592285	-1.3024457693099976
1512060603188	1.3407529592514038	8.848969459533691	-1.072602391242981
1512060603208	1.723825216293335	8.96389102935791	-1.647210717201233
1512060603228	2.298433542251587	8.925583839416504	-1.9536685943603516
1512060603248	2.4133553504943848	8.695740699768066	-2.3750481605529785
1512060603268	2.3367409706115723	8.619126319885254	-2.0685901641845703
1512060603288	2.7964274883270264	8.35097599029541	-0.9576807022094727
1512060603308	3.754108190536499	8.159439086914062	-0.4213795065879822
1512060603328	3.026270866394043	8.236053466796875	-1.4173674583435059
1512060603348	2.1068975925445557	8.35097599029541	-2.0685901641845703
1512060603368	2.1068975925445557	8.121131896972656	-1.9919757843017578
1512060603388	2.2601263523101807	8.044517517089844	-2.5282769203186035
1512060603408	2.6815059185028076	8.312667846679688	-3.5242648124694824
1512060603428	2.3367409706115723	8.236053466796875	-2.6815059185028076
1512060603448	1.800439715385437	8.006210327148438	-1.072602391242981
1512060603468	2.145204782485962	7.967903137207031	-0.4213795065879822
1512060603488	2.9496564865112305	8.274360656738281	-1.37906014919281
1512060603508	2.911349296569824	8.695740699768066	-2.2601263523101807
1512060603528	1.37906014919281	9.002198219299316	-1.4939818382263184
1512060603548	1.1875240802764893	9.078812599182129	-1.5705963373184204
1512060603568	2.4899697303771973	9.193734169006348	-1.8770540952682495
1512060603588	3.026270866394043	9.730035781860352	-1.647210717201233
1512060603608	1.723825216293335	9.959878921508789	-1.4939818382263184
1512060603628	0.6129156351089478	9.84495735168457	-1.8387469053268433
1512060603648	1.1492167711257935	9.768342971801758	-1.4173674583435059
1512060603668	1.6855180263519287	10.036493301391602	-0.9193734526634216
1512060603688	1.723825216293335	10.113107681274414	-0.15322890877723694
1512060603708	1.647210717201233	10.113107681274414	0.49799394607543945
1512060603728	1.1492167711257935	10.036493301391602	0.689530074596405
1512060603748	2.298433542251587	10.189722061157227	1.8770540952682495
1512060603768	4.213795185089111	11.224017143249512	3.332728862762451
1512060603788	4.022258758544922	12.449849128723145	-0.26815059781074524
1512060603808	1.723825216293335	12.22000503540039	-3.907337188720703
1512060603828	1.072602391242981	10.266336441040039	-2.873042106628418
1512060603848	1.4939818382263184	9.423578262329102	0.0
1512060603868	1.9153614044189453	9.385271072387695	-0.3064578175544739
1512060603888	0.9193734526634216	9.84495735168457	-3.179499864578247
1512060603908	0.15322890877723694	10.036493301391602	-4.9799394607543945
1512060603928	0.9193734526634216	9.346963882446289	-2.873042106628418
1512060603948	1.9153614044189453	9.040505409240723	-0.07661445438861847
1512060603968	3.1028854846954346	9.423578262329102	0.727837324142456
1512060603988	3.5625722408294678	10.572794914245605	-0.2298433631658554
1512060604008	2.8347349166870117	11.070788383483887	-1.9536685943603516
1512060604028	2.298433542251587	10.228029251098633	-1.2641384601593018
1512060604048	2.4133553504943848	9.346963882446289	1.0342950820922852
1512060604068	2.4899697303771973	9.117119789123535	1.6855180263519287
1512060604088	2.298433542251587	9.615114212036133	-0.1149216815829277
1512060604108	2.0685901641845703	10.15141487121582	-2.719813108444214
1512060604129	3.026270866394043	9.385271072387695	-2.3367409706115723
1512060604148	3.44765043258667	9.078812599182129	0.038307227194309235
1512060604168	3.141192674636841	8.925583839416504	0.8810662031173706
1512060604188	2.5282769203186035	9.040505409240723	-0.038307227194309235
1512060604208	2.911349296569824	8.580819129943848	-1.723825216293335
1512060604228	4.098873138427734	8.925583839416504	-1.9919757843017578
1512060604248	4.252102375030518	9.232041358947754	-0.6129156351089478
1512060604268	4.213795185089111	9.308655738830566	0.19153612852096558
1512060604288	3.026270866394043	9.308655738830566	0.038307227194309235
1512060604308	1.723825216293335	8.65743350982666	-1.072602391242981
1512060604328	1.1875240802764893	7.5848307609558105	-1.1492167711257935
1512060604348	1.4939818382263184	7.508216381072998	0.38307225704193115
1512060604368	1.1492167711257935	8.427590370178223	1.2258312702178955
1512060604388	1.2641384601593018	9.576807022094727	-0.38307225704193115
1512060604408	1.1109095811843872	10.342951774597168	-2.873042106628418
1512060604428	1.9536685943603516	10.496180534362793	-3.8307228088378906
1512060604448	3.7158010005950928	10.381258964538574	-2.298433542251587
1512060604468	2.7964274883270264	10.917559623718262	0.3447650372982025
1512060604488	2.911349296569824	11.453861236572266	0.8427590131759644
1512060604508	2.75812029838562	11.683704376220703	-0.3447650372982025
1512060604528	3.7158010005950928	11.492168426513672	-2.183511972427368
1512060604549	4.8267107009887695	11.875240325927734	-2.604891538619995
1512060604568	2.9879636764526367	11.951854705810547	-0.8044517636299133
1512060604588	3.064578056335449	11.72201156616211	-0.9193734526634216
1512060604608	1.9153614044189453	11.185709953308105	-1.2641384601593018
1512060604628	1.4939818382263184	10.41956615447998	-1.9536685943603516
1512060604648	2.3750481605529785	9.691728591918945	-1.2258312702178955
1512060604668	2.873042106628418	9.155426979064941	1.6855180263519287
1512060604689	2.604891538619995	8.695740699768066	1.8770540952682495
1512060604713	1.647210717201233	8.848969459533691	-1.2641384601593018
1512060604729	0.6129156351089478	9.193734169006348	-3.7924153804779053
1512060604748	1.5705963373184204	8.619126319885254	-3.179499864578247
1512060604768	2.4133553504943848	8.006210327148438	0.6129156351089478
1512060604788	3.141192674636841	7.738059997558594	2.75812029838562
1512060604808	2.9879636764526367	8.044517517089844	0.9959878921508789
1512060604828	2.6815059185028076	8.65743350982666	-1.6855180263519287
1512060604848	3.7924153804779053	8.695740699768066	-3.064578056335449
1512060604868	3.7924153804779053	8.848969459533691	-1.37906014919281
1512060604888	3.9839515686035156	8.734047889709473	0.5746083855628967
1512060604908	3.4093432426452637	8.734047889709473	0.3064578175544739
1512060604928	2.719813108444214	8.925583839416504	-0.9193734526634216
1512060604948	3.1028854846954346	9.078812599182129	-2.75812029838562
1512060604968	3.1028854846954346	9.27034854888916	-3.141192674636841
1512060604988	2.5665841102600098	9.155426979064941	-1.723825216293335
1512060605013	2.7964274883270264	8.695740699768066	0.038307227194309235
1512060605028	3.064578056335449	8.619126319885254	0.038307227194309235
1512060605048	2.75812029838562	8.925583839416504	-1.1492167711257935
1512060605068	2.719813108444214	9.040505409240723	-1.647210717201233
1512060605089	2.604891538619995	9.232041358947754	-2.030282974243164
1512060605108	2.6431987285614014	9.117119789123535	-1.9919757843017578
1512060605128	2.5665841102600098	8.848969459533691	-1.7621324062347412
1512060605148	2.604891538619995	8.465897560119629	-1.3024457693099976
1512060605168	2.873042106628418	8.465897560119629	-1.1109095811843872
1512060605190	2.719813108444214	8.619126319885254	-1.3024457693099976
1512060605208	2.451662540435791	8.619126319885254	-1.723825216293335
1512060605228	2.183511972427368	8.695740699768066	-1.9536685943603516
1512060605248	2.298433542251587	8.734047889709473	-1.6855180263519287
1512060605268	2.4899697303771973	8.580819129943848	-0.9576807022094727
1512060605288	2.604891538619995	8.35097599029541	-0.26815059781074524
1512060605308	2.451662540435791	8.465897560119629	-0.4213795065879822
1512060605328	2.2218191623687744	8.65743350982666	-1.3024457693099976
1512060605348	2.0685901641845703	8.96389102935791	-1.7621324062347412
1512060605368	1.7621324062347412	8.96389102935791	-1.5322890281677246
1512060605388	1.5705963373184204	8.887276649475098	-0.9576807022094727
1512060605410	1.723825216293335	8.96389102935791	-0.9959878921508789
1512060605428	1.7621324062347412	9.040505409240723	-1.2641384601593018
1512060605448	1.647210717201233	8.887276649475098	-1.455674648284912
1512060605468	1.5705963373184204	8.810662269592285	-1.37906014919281
1512060605488	1.8770540952682495	9.040505409240723	-1.3024457693099976
1512060605508	2.0685901641845703	9.002198219299316	-0.9193734526634216
1512060605529	2.604891538619995	8.887276649475098	-0.8810662031173706
1512060605548	2.911349296569824	9.308655738830566	-1.2258312702178955
1512060605568	2.5665841102600098	9.461885452270508	-1.647210717201233
1512060605588	2.451662540435791	9.346963882446289	-1.8770540952682495
1512060605608	2.6431987285614014	8.96389102935791	-2.183511972427368
1512060605628	2.298433542251587	8.734047889709473	-1.8770540952682495
1512060605648	2.2218191623687744	8.389283180236816	-1.1875240802764893
1512060605669	2.5282769203186035	8.044517517089844	-0.8044517636299133
1512060605688	2.5665841102600098	7.7763671875	-1.0342950820922852
1512060605708	2.2601263523101807	7.738059997558594	-1.5322890281677246
1512060605728	1.4173674583435059	7.891288757324219	-1.37906014919281
1512060605748	1.4939818382263184	8.044517517089844	-0.6512228846549988
1512060605768	2.145204782485962	8.197746276855469	-0.3064578175544739
1512060605788	3.026270866394043	8.159439086914062	-0.5746083855628967
1512060605808	2.030282974243164	8.35097599029541	-1.072602391242981
1512060605828	0.727837324142456	8.236053466796875	-1.0342950820922852
1512060605848	0.4596867263317108	8.772355079650879	-1.4939818382263184
1512060605868	1.2258312702178955	9.232041358947754	-2.2218191623687744
1512060605888	1.800439715385437	9.27034854888916	-1.4173674583435059
1512060605908	1.6855180263519287	8.65743350982666	0.4596867263317108
1512060605928	0.9959878921508789	8.504204750061035	1.37906014919281
1512060605948	1.1492167711257935	9.53849983215332	-1.9536685943603516
1512060605968	1.723825216293335	10.113107681274414	-2.604891538619995
1512060605989	1.6089035272598267	9.959878921508789	-1.6089035272598267
1512060606008	0.7661445140838623	9.921571731567383	-1.455674648284912
1512060606028	1.2641384601593018	10.074800491333008	-1.455674648284912
1512060606048	2.145204782485962	10.189722061157227	-1.1875240802764893
1512060606068	2.2218191623687744	10.266336441040039	-1.9536685943603516
1512060606088	1.800439715385437	10.342951774597168	-2.183511972427368
1512060606108	2.030282974243164	9.691728591918945	-0.689530074596405
1512060606128	1.8770540952682495	8.734047889709473	0.8810662031173706
1512060606148	1.6089035272598267	8.96389102935791	0.19153612852096558
1512060606168	1.2641384601593018	9.921571731567383	-1.1875240802764893
1512060606188	2.0685901641845703	10.189722061157227	-1.1492167711257935
1512060606208	2.5282769203186035	10.15141487121582	0.2298433631658554
1512060606228	1.9919757843017578	10.036493301391602	0.8810662031173706
1512060606248	1.9153614044189453	9.998186111450195	1.1109095811843872
1512060606268	2.3367409706115723	10.15141487121582	0.689530074596405
1512060606288	2.451662540435791	10.228029251098633	-0.07661445438861847
1512060606309	2.030282974243164	10.457873344421387	-0.9959878921508789
1512060606328	2.3750481605529785	10.879252433776855	-0.8427590131759644
1512060606348	2.911349296569824	10.649409294128418	-0.038307227194309235
1512060606368	2.8347349166870117	9.883264541625977	0.3447650372982025
1512060606388	2.3367409706115723	9.653421401977539	-0.727837324142456
1512060606408	1.9919757843017578	10.228029251098633	-1.2641384601593018
1512060606428	2.4899697303771973	10.074800491333008	-0.49799394607543945
1512060606448	2.3367409706115723	9.385271072387695	-0.2298433631658554
1512060606468	2.451662540435791	8.887276649475098	-0.07661445438861847
1512060606488	2.451662540435791	9.385271072387695	0.038307227194309235
1512060606508	3.2561142444610596	9.883264541625977	0.0
1512060606528	4.098873138427734	9.998186111450195	-0.7661445140838623
1512060606548	3.3710360527038574	9.576807022094727	-0.15322890877723694
1512060606568	2.298433542251587	8.96389102935791	1.1492167711257935
1512060606588	2.5282769203186035	8.427590370178223	1.37906014919281
1512060606608	2.75812029838562	8.504204750061035	0.8810662031173706
1512060606628	3.4093432426452637	8.542511940002441	0.26815059781074524
1512060606648	3.064578056335449	9.155426979064941	-0.689530074596405
1512060606668	3.141192674636841	9.53849983215332	-1.1109095811843872
1512060606688	3.332728862762451	9.730035781860352	-1.072602391242981
1512060606708	3.294421434402466	9.53849983215332	-0.49799394607543945
1512060606729	3.3710360527038574	9.040505409240723	0.1149216815829277
1512060606748	3.1028854846954346	8.848969459533691	0.3447650372982025
1512060606768	2.5282769203186035	8.734047889709473	0.15322890877723694
1512060606788	3.026270866394043	8.312667846679688	0.3064578175544739
1512060606808	2.5282769203186035	8.35097599029541	0.727837324142456
1512060606828	2.2218191623687744	8.772355079650879	-0.8810662031173706
1512060606848	1.8770540952682495	9.423578262329102	-3.5242648124694824
1512060606868	2.0685901641845703	9.117119789123535	-1.0342950820922852
1512060606888	2.5665841102600098	9.232041358947754	1.2641384601593018
1512060606908	2.3367409706115723	9.730035781860352	0.727837324142456
1512060606928	1.4939818382263184	10.113107681274414	-1.6089035272598267
1512060606949	1.4173674583435059	10.496180534362793	-1.647210717201233
1512060606968	3.7924153804779053	10.496180534362793	0.4213795065879822
1512060606988	5.20978307723999	10.764330863952637	0.727837324142456
1512060607008	3.5625722408294678	11.03248119354248	-0.5363011956214905
1512060607028	2.5282769203186035	10.611102104187012	-2.1068975925445557
1512060607048	3.064578056335449	9.921571731567383	-1.0342950820922852
1512060607068	4.788403511047363	9.768342971801758	0.4596867263317108
1512060607088	4.481945514678955	10.074800491333008	0.19153612852096558
1512060607108	3.026270866394043	10.496180534362793	-1.8770540952682495
1512060607128	1.6855180263519287	10.266336441040039	-2.873042106628418
1512060607148	1.8387469053268433	9.232041358947754	0.15322890877723694
1512060607168	3.7924153804779053	8.465897560119629	2.298433542251587
1512060607188	3.5242648124694824	9.27034854888916	0.9959878921508789
1512060607208	2.183511972427368	10.074800491333008	-2.2218191623687744
1512060607228	0.727837324142456	9.959878921508789	-3.2561142444610596
1512060607248	1.3024457693099976	9.155426979064941	-0.5363011956214905
1512060607269	2.451662540435791	9.27034854888916	1.4939818382263184
1512060607288	2.183511972427368	9.959878921508789	0.07661445438861847
1512060607308	1.5705963373184204	10.266336441040039	-0.9576807022094727
1512060607328	2.1068975925445557	9.500192642211914	0.49799394607543945
1512060607348	2.0685901641845703	9.155426979064941	0.49799394607543945
1512060607368	1.723825216293335	9.308655738830566	-0.7661445140838623
1512060607388	1.723825216293335	9.576807022094727	-1.5705963373184204
1512060607408	1.5705963373184204	9.423578262329102	-1.3024457693099976
1512060607428	2.183511972427368	8.925583839416504	0.49799394607543945
1512060607448	2.183511972427368	8.695740699768066	1.3407529592514038
1512060607468	2.5282769203186035	8.96389102935791	-0.9576807022094727
1512060607488	1.9919757843017578	9.691728591918945	-2.1068975925445557
1512060607508	1.7621324062347412	9.423578262329102	-1.3407529592514038
1512060607528	1.4173674583435059	8.925583839416504	-0.8044517636299133
1512060607548	1.800439715385437	8.542511940002441	-0.727837324142456
1512060607568	2.0685901641845703	8.312667846679688	0.15322890877723694
1512060607588	2.2218191623687744	8.35097599029541	0.8044517636299133
1512060607608	1.9919757843017578	8.96389102935791	-0.3447650372982025
1512060607628	1.647210717201233	9.232041358947754	-0.9193734526634216
1512060607648	2.183511972427368	8.619126319885254	0.6129156351089478
1512060607668	2.451662540435791	8.389283180236816	2.4133553504943848
1512060607688	2.183511972427368	8.65743350982666	0.9193734526634216
1512060607708	1.9153614044189453	9.346963882446289	-2.030282974243164
1512060607728	1.8770540952682495	9.461885452270508	-3.294421434402466
1512060607748	1.8770540952682495	8.96389102935791	-1.7621324062347412
1512060607768	1.8387469053268433	8.465897560119629	-0.7661445140838623
1512060607788	2.2218191623687744	8.619126319885254	-1.4939818382263184
1512060607808	2.4899697303771973	8.695740699768066	-2.030282974243164
1512060607828	2.6431987285614014	8.734047889709473	-1.6089035272598267
1512060607848	2.75812029838562	8.580819129943848	-0.8427590131759644
1512060607868	2.604891538619995	8.35097599029541	-0.15322890877723694
1512060607888	2.4133553504943848	8.197746276855469	0.19153612852096558
1512060607908	2.604891538619995	8.121131896972656	0.1149216815829277
1512060607928	2.2218191623687744	8.389283180236816	-0.3064578175544739
1512060607948	2.1068975925445557	8.619126319885254	-0.6512228846549988
1512060607968	1.9153614044189453	8.810662269592285	-1.1109095811843872
1512060607988	2.030282974243164	8.848969459533691	-0.8810662031173706
1512060608008	1.723825216293335	8.810662269592285	-0.3447650372982025
1512060608028	1.6855180263519287	8.887276649475098	-0.07661445438861847
1512060608048	1.9153614044189453	9.117119789123535	-0.3447650372982025
1512060608068	1.9919757843017578	9.308655738830566	-0.9576807022094727
1512060608088	2.2601263523101807	9.346963882446289	-1.2258312702178955
1512060608108	2.6431987285614014	9.308655738830566	-0.19153612852096558
1512060608128	3.141192674636841	9.078812599182129	0.49799394607543945
1512060608157	3.7158010005950928	8.695740699768066	0.4213795065879822
1512060608191	2.9879636764526367	8.542511940002441	-0.4596867263317108
1512060608220	2.451662540435791	8.772355079650879	-1.647210717201233
1512060608245	2.6815059185028076	8.96389102935791	-2.75812029838562
1512060608274	3.294421434402466	9.040505409240723	-2.719813108444214
1512060608304	2.9496564865112305	8.810662269592285	-1.9153614044189453
1512060608332	2.7964274883270264	8.465897560119629	-0.9959878921508789
1512060608353	3.2561142444610596	8.197746276855469	-0.689530074596405
1512060608375	3.6391866207122803	8.08282470703125	-1.1109095811843872
1512060608389	2.604891538619995	8.197746276855469	-1.723825216293335
1512060608405	1.4173674583435059	8.159439086914062	-0.6512228846549988
1512060608423	2.1068975925445557	7.967903137207031	0.15322890877723694
1512060608447	2.6815059185028076	8.35097599029541	-0.6129156351089478
1512060608463	2.604891538619995	8.848969459533691	-1.6855180263519287
1512060608477	1.7621324062347412	9.002198219299316	-0.6129156351089478
1512060608493	1.072602391242981	9.002198219299316	0.2298433631658554
1512060608512	0.8427590131759644	9.27034854888916	-1.8387469053268433
1512060608530	1.9153614044189453	9.385271072387695	-2.6431987285614014
1512060608545	2.5665841102600098	9.461885452270508	-0.6512228846549988
1512060608560	2.2601263523101807	9.576807022094727	0.9193734526634216
1512060608578	1.3407529592514038	9.423578262329102	0.7661445140838623
1512060608600	0.727837324142456	9.27034854888916	0.2298433631658554
1512060608628	1.7621324062347412	9.346963882446289	-0.2298433631658554
1512060608661	2.6815059185028076	9.998186111450195	0.19153612852096558
1512060608681	2.030282974243164	10.457873344421387	0.1149216815829277
1512060608701	0.9576807022094727	10.457873344421387	-0.1149216815829277
1512060608717	0.4596867263317108	10.572794914245605	-1.37906014919281
1512060608738	1.4173674583435059	11.30063247680664	-1.1492167711257935
1512060608756	2.1068975925445557	11.645397186279297	-0.38307225704193115
1512060608776	1.072602391242981	11.30063247680664	-0.4596867263317108
1512060608793	0.1149216815829277	9.730035781860352	-0.9193734526634216
1512060608816	0.038307227194309235	8.389283180236816	-0.15322890877723694
1512060608837	1.072602391242981	9.002198219299316	0.5746083855628967
1512060608850	1.1875240802764893	9.959878921508789	0.07661445438861847
1512060608869	1.9919757843017578	10.074800491333008	-0.26815059781074524
1512060608884	2.911349296569824	9.346963882446289	-0.07661445438861847
1512060608903	3.332728862762451	9.002198219299316	0.26815059781074524
1512060608930	3.485957622528076	8.619126319885254	1.4939818382263184
1512060608947	3.7158010005950928	8.504204750061035	2.719813108444214
1512060608963	2.9496564865112305	8.96389102935791	1.1875240802764893
1512060608984	2.298433542251587	9.27034854888916	-0.9193734526634216
1512060609000	2.2218191623687744	9.461885452270508	0.038307227194309235
1512060609025	1.9919757843017578	9.84495735168457	2.1068975925445557
1512060609041	1.647210717201233	10.381258964538574	2.6815059185028076
1512060609056	1.800439715385437	10.304644584655762	1.9153614044189453
1512060609075	2.8347349166870117	10.113107681274414	0.5746083855628967
1512060609094	2.873042106628418	10.84094524383545	0.15322890877723694
1512060609108	3.294421434402466	11.109095573425293	0.26815059781074524
1512060609122	3.294421434402466	10.649409294128418	0.15322890877723694
1512060609135	3.9839515686035156	9.232041358947754	-0.4213795065879822
1512060609148	4.098873138427734	8.810662269592285	-0.7661445140838623
1512060609168	3.600879430770874	9.078812599182129	-0.8044517636299133
1512060609188	3.600879430770874	9.078812599182129	-0.8427590131759644
1512060609208	3.4093432426452637	8.619126319885254	-0.1149216815829277
1512060609228	3.064578056335449	8.044517517089844	0.49799394607543945
1512060609248	3.064578056335449	7.5848307609558105	0.5363011956214905
1512060609268	2.4899697303771973	8.274360656738281	0.0
1512060609288	2.5282769203186035	8.312667846679688	-0.3447650372982025
1512060609308	2.5282769203186035	8.197746276855469	-0.15322890877723694
1512060609328	2.9496564865112305	8.236053466796875	0.7661445140838623
1512060609348	3.6774938106536865	8.695740699768066	1.455674648284912
1512060609368	3.6774938106536865	9.883264541625977	0.6512228846549988
1512060609388	3.7158010005950928	10.917559623718262	-0.8810662031173706
1512060609408	3.2561142444610596	10.687716484069824	-1.2641384601593018
1512060609428	3.600879430770874	9.806650161743164	-0.19153612852096558
1512060609448	4.8267107009887695	9.155426979064941	1.072602391242981
1512060609468	4.252102375030518	9.921571731567383	1.3024457693099976
1512060609488	4.481945514678955	10.113107681274414	-0.689530074596405
1512060609508	3.600879430770874	10.228029251098633	-1.647210717201233
1512060609528	3.4093432426452637	9.27034854888916	-1.072602391242981
1512060609548	3.7924153804779053	8.274360656738281	1.8770540952682495
1512060609568	3.3710360527038574	8.848969459533691	3.5625722408294678
1512060609588	3.7924153804779053	9.653421401977539	0.727837324142456
1512060609608	2.911349296569824	10.41956615447998	-0.8810662031173706
1512060609628	3.2178070545196533	9.921571731567383	-0.38307225704193115
1512060609648	3.332728862762451	9.461885452270508	0.8044517636299133
1512060609668	3.2561142444610596	9.500192642211914	1.4939818382263184
1512060609688	3.064578056335449	9.730035781860352	0.6129156351089478
1512060609708	2.298433542251587	10.15141487121582	-0.9959878921508789
1512060609728	1.7621324062347412	10.266336441040039	-2.2601263523101807
1512060609748	2.604891538619995	9.806650161743164	-0.9576807022094727
1512060609768	3.332728862762451	9.346963882446289	1.0342950820922852
1512060609788	2.75812029838562	9.232041358947754	1.2258312702178955
1512060609808	1.9536685943603516	9.308655738830566	-0.038307227194309235
1512060609828	1.5322890281677246	9.308655738830566	-1.5705963373184204
1512060609848	2.5665841102600098	9.232041358947754	-2.183511972427368
1512060609868	2.7964274883270264	9.232041358947754	-1.072602391242981
1512060609888	2.75812029838562	9.078812599182129	0.2298433631658554
1512060609908	2.5282769203186035	9.232041358947754	0.689530074596405
1512060609928	2.0685901641845703	9.500192642211914	-0.8427590131759644
1512060609949	2.1068975925445557	9.500192642211914	-1.6855180263519287
1512060609968	2.030282974243164	9.27034854888916	-1.3407529592514038
1512060609988	1.8387469053268433	9.232041358947754	-0.4596867263317108
1512060610009	2.0685901641845703	9.193734169006348	-0.2298433631658554
1512060610028	2.0685901641845703	9.346963882446289	-0.9576807022094727
1512060610048	2.3750481605529785	9.27034854888916	-1.4173674583435059
1512060610068	2.6431987285614014	9.117119789123535	-1.1109095811843872
1512060610088	3.141192674636841	8.887276649475098	0.8810662031173706
1512060610108	3.294421434402466	8.580819129943848	1.5705963373184204
1512060610128	2.6431987285614014	8.734047889709473	0.19153612852096558
1512060610148	1.9919757843017578	9.117119789123535	-1.5322890281677246
1512060610168	2.4133553504943848	8.925583839416504	-1.7621324062347412
1512060610188	2.1068975925445557	8.695740699768066	-1.2641384601593018
1512060610208	1.6089035272598267	8.389283180236816	-0.9193734526634216
1512060610228	1.1109095811843872	8.465897560119629	-1.4173674583435059
1512060610248	1.2258312702178955	8.580819129943848	-1.8387469053268433
1512060610269	1.455674648284912	8.734047889709473	-1.723825216293335
1512060610288	1.9153614044189453	8.848969459533691	-1.5322890281677246
1512060610308	2.4133553504943848	8.619126319885254	-1.072602391242981
1512060610328	2.7964274883270264	8.772355079650879	-0.9576807022094727
1512060610348	3.44765043258667	8.96389102935791	-0.7661445140838623
1512060610368	3.8307228088378906	9.193734169006348	-0.19153612852096558
1512060610388	3.6391866207122803	9.155426979064941	0.07661445438861847
1512060610408	3.4093432426452637	8.96389102935791	0.15322890877723694
1512060610428	3.485957622528076	8.772355079650879	0.3447650372982025
1512060610448	3.600879430770874	9.002198219299316	0.6129156351089478
1512060610468	3.5242648124694824	9.002198219299316	0.5363011956214905
1512060610488	2.9496564865112305	8.734047889709473	0.4213795065879822
1512060610508	2.6815059185028076	8.734047889709473	0.0
1512060610528	2.719813108444214	8.925583839416504	-0.3447650372982025
1512060610548	2.451662540435791	8.96389102935791	-0.38307225704193115
1512060610568	2.4899697303771973	9.078812599182129	-0.7661445140838623
1512060610588	2.451662540435791	9.117119789123535	-1.455674648284912
1512060610608	2.2218191623687744	9.232041358947754	-1.5705963373184204
1512060610628	2.3367409706115723	8.734047889709473	-0.9959878921508789
1512060610648	2.4133553504943848	8.65743350982666	-0.6129156351089478
1512060610668	2.604891538619995	8.619126319885254	-0.49799394607543945
1512060610688	2.75812029838562	8.389283180236816	-0.8427590131759644
1512060610708	2.5282769203186035	8.236053466796875	-0.689530074596405
1512060610728	3.1028854846954346	8.08282470703125	-0.49799394607543945
1512060610748	3.44765043258667	8.006210327148438	-0.5363011956214905
1512060610768	2.75812029838562	8.044517517089844	-1.1109095811843872
1512060610788	1.37906014919281	8.08282470703125	-3.064578056335449
1512060610808	0.9193734526634216	8.159439086914062	-3.6391866207122803
1512060610828	2.5665841102600098	8.159439086914062	-2.3367409706115723
1512060610848	3.2178070545196533	8.695740699768066	-1.5705963373184204
1512060610868	3.1028854846954346	8.925583839416504	-2.030282974243164
1512060610888	3.141192674636841	8.619126319885254	-1.4939818382263184
1512060610908	3.179499864578247	7.738059997558594	0.49799394607543945
1512060610928	1.9536685943603516	7.5848307609558105	0.1149216815829277
1512060610948	3.026270866394043	8.389283180236816	-0.9576807022094727
1512060610968	3.5242648124694824	8.236053466796875	-1.3024457693099976
1512060610988	3.2561142444610596	7.623138427734375	-0.8044517636299133
1512060611008	1.6089035272598267	7.8529815673828125	-1.0342950820922852
1512060611028	1.1109095811843872	8.887276649475098	-1.800439715385437
1512060611048	1.9153614044189453	9.615114212036133	-2.0685901641845703
1512060611068	2.873042106628418	9.84495735168457	-2.604891538619995
1512060611088	3.141192674636841	9.691728591918945	-2.604891538619995
1512060611108	2.3367409706115723	9.576807022094727	-1.647210717201233
1512060611128	0.2298433631658554	9.653421401977539	-0.038307227194309235
1512060611148	0.5746083855628967	9.921571731567383	-0.727837324142456
1512060611169	2.145204782485962	10.457873344421387	-2.2218191623687744
1512060611188	2.5665841102600098	10.5344877243042	-1.0342950820922852
1512060611208	2.5282769203186035	10.074800491333008	1.6855180263519287
1512060611228	1.9153614044189453	9.385271072387695	2.4899697303771973
1512060611248	1.1875240802764893	9.078812599182129	0.19153612852096558
1512060611268	2.145204782485962	9.730035781860352	-0.6512228846549988
1512060611288	3.485957622528076	10.074800491333008	-0.3064578175544739
1512060611308	2.8347349166870117	9.730035781860352	0.9193734526634216
1512060611328	2.2601263523101807	9.500192642211914	1.2258312702178955
1512060611348	2.719813108444214	10.5344877243042	0.727837324142456
1512060611368	2.9879636764526367	12.02846908569336	-0.4596867263317108
1512060611388	0.727837324142456	11.836933135986328	-1.6089035272598267
1512060611408	-0.3064578175544739	10.074800491333008	-0.7661445140838623
1512060611428	1.1875240802764893	9.921571731567383	0.3064578175544739
1512060611448	2.1068975925445557	10.764330863952637	0.8810662031173706
1512060611468	2.4133553504943848	10.84094524383545	-0.15322890877723694
1512060611488	1.4173674583435059	9.959878921508789	-0.8427590131759644
1512060611508	1.455674648284912	8.695740699768066	-1.1492167711257935
1512060611528	1.800439715385437	8.389283180236816	-0.3064578175544739
1512060611548	2.75812029838562	8.504204750061035	-0.038307227194309235
1512060611568	2.911349296569824	8.389283180236816	-0.15322890877723694
1512060611598	2.451662540435791	8.389283180236816	-0.6512228846549988
1512060611620	1.8770540952682495	8.619126319885254	-1.6089035272598267
1512060611653	1.072602391242981	9.27034854888916	-2.719813108444214
1512060611679	1.8387469053268433	10.457873344421387	-4.405331134796143
1512060611707	3.7924153804779053	10.074800491333008	-2.451662540435791
1512060611722	3.4093432426452637	9.806650161743164	1.3407529592514038
1512060611736	2.5665841102600098	9.653421401977539	1.723825216293335
1512060611751	2.3367409706115723	9.078812599182129	1.3024457693099976
1512060611764	2.719813108444214	8.580819129943848	1.4939818382263184
1512060611777	3.141192674636841	8.810662269592285	2.8347349166870117
1512060611791	2.5665841102600098	9.040505409240723	3.2561142444610596
1512060611809	2.9879636764526367	9.308655738830566	1.8770540952682495
1512060611828	3.294421434402466	9.806650161743164	0.15322890877723694
1512060611848	3.3710360527038574	9.959878921508789	-0.6129156351089478
1512060611868	3.179499864578247	9.53849983215332	0.38307225704193115
1512060611888	2.911349296569824	8.887276649475098	1.3024457693099976
1512060611908	2.145204782485962	8.465897560119629	1.37906014919281
1512060611928	2.4133553504943848	8.121131896972656	0.5363011956214905
1512060611948	3.600879430770874	8.35097599029541	-0.38307225704193115
1512060611968	3.6391866207122803	8.580819129943848	-0.689530074596405
1512060611988	3.7924153804779053	8.65743350982666	-0.8427590131759644
1512060612008	2.9496564865112305	8.465897560119629	0.0
1512060612028	2.911349296569824	7.738059997558594	0.38307225704193115
1512060612048	2.75812029838562	7.929595947265625	0.49799394607543945
1512060612068	2.719813108444214	8.772355079650879	0.5363011956214905
1512060612088	3.064578056335449	9.500192642211914	0.0
1512060612108	2.911349296569824	9.883264541625977	-0.26815059781074524
1512060612129	3.5242648124694824	9.691728591918945	0.07661445438861847
1512060612148	3.869029998779297	9.730035781860352	1.0342950820922852
1512060612168	4.213795185089111	10.074800491333008	2.145204782485962
1512060612188	4.405331134796143	10.342951774597168	1.9919757843017578
1512060612208	3.6774938106536865	10.5344877243042	0.9193734526634216
1512060612228	2.604891538619995	10.228029251098633	0.07661445438861847
1512060612248	2.75812029838562	9.576807022094727	-0.3447650372982025
1512060612268	2.7964274883270264	9.040505409240723	0.0
1512060612288	2.183511972427368	9.346963882446289	0.3447650372982025
1512060612308	1.8387469053268433	9.615114212036133	-0.6512228846549988
1512060612328	1.6089035272598267	9.691728591918945	-1.2641384601593018
1512060612348	2.183511972427368	9.27034854888916	-0.5363011956214905
1512060612368	2.451662540435791	9.346963882446289	0.4213795065879822
1512060612388	2.2601263523101807	9.653421401977539	0.2298433631658554
1512060612408	1.455674648284912	9.691728591918945	-0.38307225704193115
1512060612428	1.072602391242981	9.691728591918945	-1.2258312702178955
1512060612449	1.9919757843017578	9.500192642211914	-0.8427590131759644
1512060612468	2.5282769203186035	9.385271072387695	0.689530074596405
1512060612488	2.911349296569824	9.576807022094727	0.9959878921508789
1512060612508	1.9919757843017578	9.998186111450195	-0.15322890877723694
1512060612528	1.37906014919281	10.266336441040039	-2.2218191623687744
1512060612548	1.6855180263519287	9.691728591918945	-1.5705963373184204
1512060612568	3.141192674636841	9.193734169006348	0.8044517636299133
1512060612588	3.2178070545196533	9.576807022094727	1.6089035272598267
1512060612608	2.719813108444214	10.228029251098633	-0.1149216815829277
1512060612628	2.183511972427368	10.228029251098633	-1.37906014919281
1512060612648	1.647210717201233	9.998186111450195	-1.647210717201233
1512060612668	2.183511972427368	9.423578262329102	-1.4173674583435059
1512060612688	2.9496564865112305	9.691728591918945	-0.6129156351089478
1512060612708	2.873042106628418	9.921571731567383	0.4213795065879822
1512060612728	1.9153614044189453	9.959878921508789	-0.3064578175544739
1512060612748	0.9193734526634216	9.53849983215332	-1.8770540952682495
1512060612769	0.5746083855628967	9.308655738830566	-2.6815059185028076
1512060612788	0.8044517636299133	9.385271072387695	-2.7964274883270264
1512060612808	1.2641384601593018	9.308655738830566	-1.6089035272598267
1512060612828	1.2258312702178955	8.96389102935791	0.15322890877723694
1512060612848	0.6129156351089478	8.619126319885254	0.2298433631658554
1512060612868	0.6512228846549988	8.925583839416504	-1.800439715385437
1512060612888	0.5746083855628967	9.193734169006348	-2.75812029838562
1512060612908	0.38307225704193115	8.925583839416504	-1.4939818382263184
1512060612928	0.4596867263317108	8.312667846679688	-0.038307227194309235
1512060612948	0.8427590131759644	8.121131896972656	0.3064578175544739
1512060612968	1.072602391242981	8.312667846679688	-0.15322890877723694
1512060612988	0.9576807022094727	8.925583839416504	-1.800439715385437
1512060613008	1.37906014919281	9.346963882446289	-2.145204782485962
1512060613028	2.030282974243164	9.308655738830566	-0.689530074596405
1512060613048	2.145204782485962	8.772355079650879	0.689530074596405
1512060613068	2.3367409706115723	8.542511940002441	0.8044517636299133
1512060613089	2.1068975925445557	8.619126319885254	0.49799394607543945
1512060613108	2.030282974243164	8.772355079650879	-0.19153612852096558
1512060613128	1.7621324062347412	8.65743350982666	-0.5363011956214905
1512060613148	1.8770540952682495	8.542511940002441	-0.9576807022094727
1512060613168	2.2601263523101807	8.65743350982666	-1.3407529592514038
1512060613188	2.3750481605529785	9.040505409240723	-1.4939818382263184
1512060613208	2.4133553504943848	9.040505409240723	-0.689530074596405
1512060613228	2.5665841102600098	9.002198219299316	-0.1149216815829277
1512060613248	2.4133553504943848	9.117119789123535	-0.7661445140838623
1512060613268	2.298433542251587	9.346963882446289	-1.2258312702178955
1512060613288	1.9919757843017578	9.423578262329102	-1.0342950820922852
1512060613308	1.6855180263519287	9.27034854888916	-0.5746083855628967
1512060613328	1.4939818382263184	9.155426979064941	-0.4596867263317108
1512060613348	1.455674648284912	9.27034854888916	-0.689530074596405
1512060613368	1.37906014919281	9.423578262329102	-1.1109095811843872
1512060613388	1.3407529592514038	9.385271072387695	-0.9193734526634216
1512060613408	1.2258312702178955	9.385271072387695	-0.727837324142456
1512060613428	1.2641384601593018	9.346963882446289	-0.8427590131759644
1512060613448	1.2641384601593018	9.308655738830566	-0.727837324142456
1512060613468	1.2641384601593018	9.385271072387695	-0.7661445140838623
1512060613488	1.5705963373184204	9.308655738830566	-1.3024457693099976
1512060613508	1.800439715385437	9.461885452270508	-1.4939818382263184
1512060613528	1.8387469053268433	9.385271072387695	-1.3407529592514038
1512060613548	1.455674648284912	9.346963882446289	-0.8044517636299133
1512060613568	1.5705963373184204	9.232041358947754	-0.49799394607543945
1512060613588	1.5322890281677246	9.308655738830566	-0.2298433631658554
1512060613608	1.9153614044189453	9.423578262329102	0.0
1512060613628	2.183511972427368	9.576807022094727	-0.26815059781074524
1512060613648	2.451662540435791	9.423578262329102	-0.1149216815829277
1512060613668	2.4899697303771973	9.308655738830566	0.5363011956214905
1512060613688	2.145204782485962	9.193734169006348	0.6129156351089478
1512060613708	2.030282974243164	9.193734169006348	0.5746083855628967
1512060613728	1.9153614044189453	9.155426979064941	0.2298433631658554
1512060613748	1.8387469053268433	8.848969459533691	0.689530074596405
1512060613768	1.9153614044189453	8.619126319885254	1.3407529592514038
1512060613788	1.5705963373184204	8.427590370178223	1.9153614044189453
1512060613808	1.2258312702178955	8.465897560119629	2.145204782485962
1512060613828	1.3024457693099976	8.197746276855469	2.5665841102600098
1512060613848	1.6089035272598267	8.044517517089844	3.1028854846954346
1512060613868	2.183511972427368	7.738059997558594	3.2561142444610596
1512060613888	1.8387469053268433	7.5848307609558105	3.485957622528076
1512060613908	0.9193734526634216	7.738059997558594	4.060565948486328
1512060613928	1.4173674583435059	7.623138427734375	4.750096321105957
1512060613948	2.3750481605529785	7.4316020011901855	5.363011837005615
1512060613968	2.5282769203186035	7.048529624938965	5.631162166595459
1512060613990	1.723825216293335	7.010222434997559	5.70777702331543
1512060614008	0.8810662031173706	7.1251444816589355	5.5545477867126465
1512060614028	1.1875240802764893	7.048529624938965	5.5545477867126465
1512060614048	1.8387469053268433	6.856993675231934	5.822698593139648
1512060614068	1.8387469053268433	6.550535678863525	6.01423454284668
1512060614088	1.1492167711257935	6.588842868804932	6.665457725524902
1512060614108	1.647210717201233	6.550535678863525	6.856993675231934
1512060614128	2.3367409706115723	6.205770969390869	7.393294811248779
1512060614148	2.030282974243164	5.746084213256836	7.5848307609558105
1512060614168	1.1492167711257935	5.669469833374023	7.393294811248779
1512060614188	0.3447650372982025	5.669469833374023	7.240066051483154
1512060614208	0.26815059781074524	5.5545477867126465	7.4316020011901855
1512060614228	1.1875240802764893	4.788403511047363	7.891288757324219
1512060614248	0.9576807022094727	4.596867084503174	8.274360656738281
1512060614268	0.15322890877723694	4.788403511047363	8.35097599029541
1512060614288	-0.26815059781074524	4.941632270812988	8.580819129943848
1512060614309	0.0	4.8267107009887695	8.389283180236816
1512060614328	0.3447650372982025	4.558559894561768	8.772355079650879
1512060614348	0.5746083855628967	4.596867084503174	9.27034854888916
1512060614368	-0.07661445438861847	5.018246650695801	9.078812599182129
1512060614388	-0.038307227194309235	5.324704647064209	8.580819129943848
1512060614408	1.1109095811843872	4.903325080871582	8.274360656738281
1512060614428	1.1492167711257935	4.596867084503174	8.236053466796875
1512060614448	0.6512228846549988	4.137180328369141	8.159439086914062
1512060614468	0.2298433631658554	4.175487995147705	8.044517517089844
1512060614488	0.3064578175544739	4.252102375030518	7.967903137207031
1512060614508	0.49799394607543945	3.907337188720703	7.814674377441406
1512060614528	0.49799394607543945	3.7924153804779053	8.121131896972656
1512060614548	0.19153612852096558	3.754108190536499	8.236053466796875
1512060614568	0.07661445438861847	4.022258758544922	8.312667846679688
1512060614588	0.3447650372982025	3.600879430770874	8.427590370178223
1512060614608	0.8810662031173706	3.064578056335449	9.423578262329102
1512060614628	0.727837324142456	2.451662540435791	9.998186111450195
1512060614648	0.5363011956214905	3.026270866394043	9.002198219299316
1512060614668	0.3447650372982025	3.600879430770874	8.08282470703125
1512060614688	0.6512228846549988	3.7924153804779053	8.772355079650879
1512060614708	1.5322890281677246	3.4093432426452637	9.423578262329102
1512060614728	1.723825216293335	2.8347349166870117	9.615114212036133
1512060614748	1.723825216293335	3.141192674636841	9.308655738830566
1512060614768	1.647210717201233	2.9496564865112305	9.768342971801758
1512060614788	1.1109095811843872	2.4133553504943848	10.802638053894043
1512060614808	0.6512228846549988	2.145204782485962	11.03248119354248
1512060614828	0.5363011956214905	2.298433542251587	10.649409294128418
1512060614848	1.1875240802764893	2.2601263523101807	9.768342971801758
1512060614868	1.8770540952682495	1.9536685943603516	9.155426979064941
1512060614888	2.719813108444214	2.0685901641845703	8.465897560119629
1512060614908	2.145204782485962	2.873042106628418	7.8529815673828125
1512060614928	-0.26815059781074524	4.6734819412231445	6.167463779449463
1512060614948	-2.1068975925445557	4.405331134796143	6.3973069190979
1512060614968	-1.9153614044189453	3.7924153804779053	8.121131896972656
1512060614988	-0.4213795065879822	3.2561142444610596	9.768342971801758
1512060615008	0.2298433631658554	2.873042106628418	11.03248119354248
1512060615028	0.3064578175544739	2.4899697303771973	10.5344877243042
1512060615048	0.8044517636299133	1.9536685943603516	9.308655738830566
1512060615068	1.4939818382263184	1.7621324062347412	8.197746276855469
1512060615088	1.800439715385437	2.030282974243164	7.469909191131592
1512060615108	1.1875240802764893	2.298433542251587	7.738059997558594
1512060615128	0.5363011956214905	2.5665841102600098	8.427590370178223
1512060615148	0.689530074596405	2.298433542251587	9.27034854888916
1512060615168	1.5322890281677246	1.647210717201233	9.730035781860352
1512060615188	1.37906014919281	1.800439715385437	9.883264541625977
1512060615208	1.1492167711257935	2.0685901641845703	9.53849983215332
1512060615228	0.6512228846549988	2.3367409706115723	8.848969459533691
1512060615248	0.4213795065879822	2.3750481605529785	8.887276649475098
1512060615268	0.5746083855628967	2.451662540435791	9.040505409240723
1512060615288	0.8427590131759644	2.4133553504943848	9.078812599182129
1512060615308	0.9193734526634216	2.030282974243164	8.772355079650879
1512060615328	1.0342950820922852	1.7621324062347412	8.848969459533691
1512060615348	0.9193734526634216	1.9153614044189453	9.040505409240723
1512060615368	0.727837324142456	1.9919757843017578	9.193734169006348
1512060615388	0.727837324142456	2.1068975925445557	9.155426979064941
1512060615408	0.8427590131759644	1.8770540952682495	9.040505409240723
1512060615428	0.8810662031173706	1.800439715385437	9.002198219299316
1512060615448	0.8044517636299133	1.7621324062347412	9.040505409240723
1512060615468	0.6129156351089478	1.6855180263519287	9.346963882446289
1512060615488	0.4213795065879822	1.647210717201233	9.768342971801758
1512060615508	0.4596867263317108	1.800439715385437	9.768342971801758
1512060615528	0.4213795065879822	1.8387469053268433	9.385271072387695
1512060615548	0.26815059781074524	1.8770540952682495	9.117119789123535
1512060615568	0.38307225704193115	1.723825216293335	8.580819129943848
1512060615588	0.49799394607543945	1.647210717201233	9.423578262329102
1512060615608	0.5746083855628967	1.9153614044189453	10.228029251098633
1512060615628	0.38307225704193115	1.8770540952682495	9.576807022094727
1512060615648	0.3064578175544739	1.9536685943603516	9.193734169006348
1512060615668	0.49799394607543945	1.8387469053268433	9.500192642211914
1512060615688	0.38307225704193115	1.9919757843017578	9.883264541625977
1512060615708	0.49799394607543945	1.8387469053268433	9.691728591918945
