Trial:	Sub01SeatedPull_gyroscope_t5.txt
Phone/Tablet Model:	HUAWEI BLN-L24
Sensor Information
Name:	STMicroelectronics gyroscope
Maximum Range:	34.906586rad/sec
Resolution:	0.0012217305rad/sec

Generated by SensorData, Version1.5.2
Author: Vipul Lugade
Email: SensorDataHelp@gmail.com
Website: www.matlabgeeks.com

Time	X	Y	Z
1512060670711	0.0	0.0	0.0
1512060670730	0.1258382350206375	0.09896016865968704	0.17470745742321014
1512060670751	0.05375614017248154	0.013439035043120384	0.05497787147760391
1512060670771	-0.010995574295520782	-0.07941248267889023	0.10995574295520782
1512060670791	0.0	0.0	0.0
1512060670812	-0.12828169763088226	-0.039095375686883926	0.021991148591041565
1512060670831	-0.12461651116609573	-0.05253441259264946	-0.012217304669320583
1512060670870	-0.06841690838336945	-0.03298672288656235	-0.01710422709584236
1512060670887	-0.08796459436416626	-0.04764748737215996	-0.04886921867728233
1512060670905	-0.07696902006864548	-0.04764748737215996	-0.06475171446800232
1512060670959	-0.06230825558304787	-0.00733038317412138	-0.04764748737215996
1512060671029	-0.04886921867728233	0.009773843921720982	-0.059864792972803116
1512060671197	0.0	0.0	0.0
1512060671306	-0.03176499158143997	0.03298672288656235	-0.06352998316287994
1512060671318	0.0	0.0	0.0
1512060671330	0.02932153269648552	0.04764748737215996	-0.12461651116609573
1512060671349	0.07330382615327835	0.00733038317412138	-0.1368338167667389
1512060671372	0.08674286305904388	-0.009773843921720982	-0.10384709388017654
1512060671394	0.08674286305904388	-0.00366519158706069	-0.0708603709936142
1512060671419	0.1466076523065567	-0.018325956538319588	-0.09162978827953339
1512060671458	0.1918116807937622	-0.05619960278272629	-0.05375614017248154
1512060671567	0.19303341209888458	-0.1062905490398407	-0.013439035043120384
1512060671655	0.21868975460529327	-0.1771509200334549	-0.00855211354792118
1512060671687	0.2382374405860901	-0.24434609711170197	-0.0024434609804302454
1512060671704	0.27488934993743896	-0.29077184200286865	0.0
1512060671721	0.2638937830924988	-0.30054569244384766	0.004886921960860491
1512060671739	0.2736676335334778	-0.32009339332580566	0.024434609338641167
1512060671757	0.27488934993743896	-0.34574973583221436	0.0354301854968071
1512060671772	0.2687807083129883	-0.3139847218990326	0.04398229718208313
1512060671786	0.3139847218990326	-0.3286454975605011	0.04153883829712868
1512060671809	0.4031710624694824	-0.37751471996307373	0.021991148591041565
1512060671841	0.5424483418464661	-0.38606682419776917	-0.010995574295520782
1512060671859	0.7281513810157776	-0.3640756905078888	-0.06230825558304787
1512060671908	0.9358455538749695	-0.31031954288482666	-0.11362093687057495
1512060672028	1.2034045457839966	-0.25045475363731384	-0.17837265133857727
1512060672090	1.518610954284668	-0.2724458873271942	-0.23335053026676178
1512060672120	1.929112434387207	-0.34086281061172485	-0.2834414839744568
1512060672136	2.1868975162506104	-0.3078760802745819	-0.3433062732219696
1512060672152	2.524095296859741	-0.2480112910270691	-0.4178318381309509
1512060672168	2.7672195434570312	-0.22479841113090515	-0.475253164768219
1512060672187	2.8429667949676514	-0.2871066629886627	-0.5070181488990784
1512060672208	2.8270843029022217	-0.3090978264808655	-0.5363397002220154
1512060672225	2.648711681365967	-0.2883284091949463	-0.5791002511978149
1512060672246	2.5802948474884033	-0.29077184200286865	-0.6401867866516113
1512060672275	2.7452285289764404	-0.40194934606552124	-0.6352998614311218
1512060672313	2.576629638671875	-0.6059783101081848	-0.5778785347938538
1512060672353	2.3322834968566895	-0.7452555894851685	-0.5473352670669556
1512060672408	2.068389654159546	-0.8772025108337402	-0.5204572081565857
1512060672468	1.891238808631897	-0.9834930300712585	-0.48258355259895325
1512060672527	1.6823228597640991	-1.1129964590072632	-0.4141666293144226
1512060672541	1.3976596593856812	-1.313360333442688	-0.2638937830924988
1512060672558	1.1068878173828125	-1.4648548364639282	-0.11850785464048386
1512060672592	0.8735373020172119	-1.6187928915023804	0.0354301854968071
1512060672612	0.7122688889503479	-1.7556266784667969	0.16737708449363708
1512060672635	0.7037167549133301	-1.8570303916931152	0.2675589919090271
1512060672657	0.779464066028595	-1.948660135269165	0.3494149148464203
1512060672686	0.7855727076530457	-2.009746551513672	0.4092797040939331
1512060672717	0.7147123217582703	-1.987755537033081	0.45692721009254456
1512060672772	0.5448917746543884	-1.9364428520202637	0.5326744914054871
1512060672830	0.304210901260376	-1.8582520484924316	0.6352998614311218
1512060672903	0.1014036312699318	-1.7458528280258179	0.7073819637298584
1512060672940	0.015882495790719986	-1.5418238639831543	0.6536257863044739
1512060672957	0.039095375686883926	-1.3365731239318848	0.5338962078094482
1512060672973	0.08918632566928864	-1.244943380355835	0.4813618063926697
1512060672989	0.15393804013729095	-1.0787880420684814	0.35185837745666504
1512060673014	0.20036379992961884	-0.8038986921310425	0.17470745742321014
1512060673031	0.21380282938480377	-0.6230825781822205	0.051312681287527084
1512060673050	0.17104226350784302	-0.43127086758613586	-0.02687807008624077
1512060673077	0.14049901068210602	-0.35185837745666504	-0.05497787147760391
1512060673103	0.08185594528913498	-0.24923302233219147	-0.08918632566928864
1512060673143	0.11484266817569733	-0.10751228034496307	-0.18814650177955627
1512060673221	0.23457226157188416	0.015882495790719986	-0.37629300355911255
1512060673330	0.39584067463874817	0.09651670604944229	-0.5265658497810364
1512060673345	0.6536257863044739	-0.05742133408784866	-0.5400048494338989
1512060673360	0.7831292152404785	-0.19425514340400696	-0.49846604466438293
1512060673384	0.7831292152404785	-0.18325957655906677	-0.4960225820541382
1512060673406	0.8063421249389648	-0.14538592100143433	-0.5192354321479797
1512060673427	0.8344419002532959	-0.11362093687057495	-0.5510004758834839
1512060673458	0.7782423496246338	0.03298672288656235	-0.6059783101081848
1512060673486	0.6890559792518616	0.14538592100143433	-0.626747727394104
1512060673518	0.5522221922874451	0.14416420459747314	-0.5436700582504272
1512060673558	0.46303585171699524	0.18448130786418915	-0.5204572081565857
1512060673576	0.3885102868080139	0.3066543638706207	-0.5827654600143433
1512060673652	0.304210901260376	0.45204028487205505	-0.6719517707824707
1512060673677	0.2932153046131134	0.6243042945861816	-0.8087855577468872
1512060673701	0.2590068578720093	0.759916365146637	-0.9224064946174622
1512060673717	0.10873401165008545	0.8552113175392151	-0.9358455538749695
1512060673736	-0.10995574295520782	0.8930850028991699	-0.9077457785606384
1512060673756	-0.27488934993743896	0.901637077331543	-0.8698720932006836
1512060673769	-0.20402899384498596	0.9077457785606384	-0.8796459436416626
1512060673785	-0.05497787147760391	0.8967501521110535	-0.8845328688621521
1512060673802	0.03176499158143997	0.9077457785606384	-0.9065240025520325
1512060673819	0.18081611394882202	0.9236282706260681	-0.9187413454055786
1512060673849	0.2638937830924988	0.93095862865448	-0.8955284357070923
1512060673874	0.34086281061172485	0.9272934198379517	-0.8576548099517822
1512060673901	0.38606682419776917	0.8906415104866028	-0.7733554244041443
1512060673924	0.2785545587539673	0.8161159753799438	-0.6352998614311218
1512060673956	0.06841690838336945	0.7220427393913269	-0.48258355259895325
1512060674039	-0.09773843735456467	0.6719517707824707	-0.39584067463874817
1512060674108	-0.16982053220272064	0.656069278717041	-0.33597588539123535
1512060674123	-0.1771509200334549	0.6279694437980652	-0.27122417092323303
1512060674161	-0.3433062732219696	0.5815436840057373	-0.18936823308467865
1512060674184	-0.6291912198066711	0.4862487316131592	-0.06352998316287994
1512060674215	-0.7684684991836548	0.37629300355911255	0.06719517707824707
1512060674242	-0.7134906053543091	0.31154128909111023	0.14294247329235077
1512060674277	-0.6120869517326355	0.2431243658065796	0.23335053026676178
1512060674320	-0.5644394755363464	0.12828169763088226	0.34574973583221436
1512060674349	-0.5082398653030396	0.028099801391363144	0.44104471802711487
1512060674365	-0.4043927788734436	-0.010995574295520782	0.4862487316131592
1512060674439	-0.3090978264808655	-0.024434609338641167	0.5094616413116455
1512060674470	-0.1014036312699318	-0.0403171069920063	0.5204572081565857
1512060674489	0.08796459436416626	-0.051312681287527084	0.49846604466438293
1512060674514	0.1258382350206375	-0.06841690838336945	0.46792277693748474
1512060674545	0.16371189057826996	-0.05497787147760391	0.45814892649650574
1512060674558	0.21380282938480377	-0.04153883829712868	0.4080579876899719
1512060674573	0.21013765037059784	-0.004886921960860491	0.3591887652873993
1512060674587	0.16859880089759827	0.013439035043120384	0.32498031854629517
1512060674600	0.11362093687057495	0.04153883829712868	0.26633724570274353
1512060674613	-0.0659734457731247	0.0806342139840126	0.24923302233219147
1512060674626	-0.23945917189121246	0.012217304669320583	0.2993239760398865
1512060674638	-0.2785545587539673	-0.1319468915462494	0.38117989897727966
1512060674651	-0.2773328125476837	-0.16859880089759827	0.35552358627319336
1512060674665	-0.3530801236629486	-0.1820378452539444	0.3530801236629486
1512060674678	-0.4080579876899719	-0.21624629199504852	0.3604104816913605
1512060674691	-0.36529740691185	-0.2431243658065796	0.3543018400669098
1512060674704	-0.2883284091949463	-0.2541199326515198	0.3323107063770294
1512060674719	-0.22357667982578278	-0.20036379992961884	0.2638937830924988
1512060674732	-0.09529497474431992	-0.15515977144241333	0.18570303916931152
1512060674746	-0.010995574295520782	-0.10018189996480942	0.09162978827953339
1512060674759	0.11484266817569733	0.039095375686883926	-0.09651670604944229
1512060674772	0.2919935882091522	0.30543261766433716	-0.38240164518356323
1512060674785	0.36529740691185	0.5534439086914062	-0.6304129362106323
1512060674798	0.2981022298336029	0.5632177591323853	-0.6377432942390442
1512060674812	0.1820378452539444	0.4544837474822998	-0.5497786998748779
1512060674825	-0.0354301854968071	0.38117989897727966	-0.504574716091156
1512060674838	-0.1368338167667389	0.31520646810531616	-0.4813618063926697
1512060674850	-0.1160643994808197	0.30543261766433716	-0.4862487316131592
1512060674865	-0.09896016865968704	0.2871066629886627	-0.455705463886261
1512060674878	-0.11239920556545258	0.2028072625398636	-0.3933972120285034
1512060674890	-0.16004669666290283	0.09651670604944229	-0.31520646810531616
1512060674904	-0.20525072515010834	-0.12095131725072861	-0.1270599663257599
1512060674916	-0.21868975460529327	-0.2993239760398865	0.05253441259264946
1512060674929	-0.2223549485206604	-0.3738495409488678	0.12339477986097336
1512060674942	-0.2638937830924988	-0.4764748811721802	0.22968533635139465
1512060674955	-0.26511552929878235	-0.4813618063926697	0.23090706765651703
1512060674968	-0.19547687470912933	-0.40683624148368835	0.16737708449363708
1512060674982	0.13561208546161652	-0.44226643443107605	0.16249015927314758
1512060674997	0.4080579876899719	-0.4605923891067505	0.17104226350784302
1512060675012	0.5583308339118958	-0.4862487316131592	0.18814650177955627
1512060675026	0.4715879559516907	-0.49235737323760986	0.21502456068992615
1512060675039	0.3701843321323395	-0.49724429845809937	0.24190263450145721
1512060675052	0.31642818450927734	-0.5119050741195679	0.2638937830924988
1512060675066	0.3628539443016052	-0.5473352670669556	0.294437050819397
1512060675079	0.5070181488990784	-0.6487388610839844	0.3677408695220947
1512060675092	0.5827654600143433	-0.7965682744979858	0.46547931432724
1512060675105	0.5754350423812866	-0.9053022861480713	0.5387831330299377
1512060675118	0.4153883755207062	-0.950506329536438	0.6096435189247131
1512060675131	0.21013765037059784	-0.96883225440979	0.656069278717041
1512060675144	0.08429940044879913	-0.9663888216018677	0.6878342628479004
1512060675158	-0.13805554807186127	-0.9248499870300293	0.7220427393913269
1512060675174	-0.3225368559360504	-0.8038986921310425	0.6805039048194885
1512060675188	-0.34574973583221436	-0.8381071090698242	0.7086036801338196
1512060675201	-0.3396410644054413	-0.8918632864952087	0.7367035150527954
1512060675214	-0.3433062732219696	-0.9175195693969727	0.7623597979545593
1512060675227	-0.33719760179519653	-0.8552113175392151	0.7183775305747986
1512060675240	-0.40072759985923767	-0.6768386960029602	0.6218608021736145
1512060675253	-0.5766568183898926	-0.4202753007411957	0.5277875661849976
1512060675266	-0.6133087277412415	-0.251676470041275	0.4239404797554016
1512060675280	-0.37262779474258423	-0.06841690838336945	0.1514945775270462
1512060675293	-0.12095131725072861	0.04886921867728233	-0.03787364438176155
1512060675306	-0.05864306539297104	0.15271630883216858	-0.16859880089759827
1512060675318	0.16493362188339233	0.20891591906547546	-0.3090978264808655
1512060675332	0.29077184200286865	0.3384193480014801	-0.4605923891067505
1512060675346	0.3494149148464203	0.49235737323760986	-0.6010913848876953
1512060675362	0.394618958234787	0.6548475623130798	-0.7269296646118164
1512060675375	0.4434881806373596	0.7513642311096191	-0.817337691783905
1512060675388	0.485027015209198	0.7721336483955383	-0.8381071090698242
1512060675401	0.5021312236785889	0.7318165898323059	-0.8038986921310425
1512060675415	0.44593164324760437	0.6377432942390442	-0.6878342628479004
1512060675428	0.3885102868080139	0.5082398653030396	-0.5510004758834839
1512060675441	0.4239404797554016	0.4300491213798523	-0.48258355259895325
1512060675454	0.4544837474822998	0.3188716471195221	-0.38728857040405273
1512060675468	0.37140607833862305	0.15271630883216858	-0.2064724564552307
1512060675482	0.24556782841682434	-0.018325956538319588	-0.00366519158706069
1512060675495	0.1869247704744339	-0.2272418737411499	0.20402899384498596
1512060675512	0.17348572611808777	-0.3029891550540924	0.2724458873271942
1512060675526	0.16737708449363708	-0.37629300355911255	0.3433062732219696
1512060675539	0.09407325088977814	-0.4593706727027893	0.4447098970413208
1512060675553	-0.05742133408784866	-0.5400048494338989	0.5839871764183044
1512060675566	-0.20036379992961884	-0.5473352670669556	0.6511823534965515
1512060675579	-0.32131510972976685	-0.3689626157283783	0.5375614166259766
1512060675592	-0.1270599663257599	-0.33108896017074585	0.4178318381309509
1512060675606	0.3530801236629486	-0.4031710624694824	0.23335053026676178
1512060675619	0.4911356568336487	-0.45326200127601624	0.18448130786418915
1512060675633	0.5302310585975647	-0.4447098970413208	0.14294247329235077
1512060675647	0.4801400899887085	-0.30543261766433716	0.02321287989616394
1512060675658	0.5009095072746277	-0.1014036312699318	-0.19792033731937408
1512060675671	0.5595525503158569	0.08429940044879913	-0.4239404797554016
1512060675685	0.5522221922874451	0.10384709388017654	-0.4691445231437683
1512060675701	0.66584312915802	0.05864306539297104	-0.48258355259895325
1512060675715	0.8539896011352539	0.1319468915462494	-0.6230825781822205
1512060675728	1.0067058801651	0.32131510972976685	-0.856433093547821
1512060675742	0.9553932547569275	0.46547931432724	-0.9578366875648499
1512060675756	0.7354817390441895	0.5167919993400574	-0.911410927772522
1512060675772	0.34697145223617554	0.5766568183898926	-0.8417723178863525
1512060675787	0.024434609338641167	0.6792821288108826	-0.8527678847312927
1512060675802	-0.0403171069920063	0.799011766910553	-0.960280179977417
1512060675820	0.05619960278272629	0.9358455538749695	-1.1142182350158691
1512060675834	0.06230825558304787	1.0018190145492554	-1.1789699792861938
1512060675850	0.021991148591041565	0.96883225440979	-1.1154398918151855
1512060675864	-0.01710422709584236	0.921184778213501	-1.018923282623291
1512060675878	-0.1319468915462494	0.8735373020172119	-0.940732479095459
1512060675891	-0.3225368559360504	0.759916365146637	-0.7855727076530457
1512060675908	-0.4239404797554016	0.636521577835083	-0.6194173693656921
1512060675922	-0.5216789245605469	0.5448917746543884	-0.49846604466438293
1512060675936	-0.6682865619659424	0.4447098970413208	-0.36651915311813354
1512060675951	-0.7024950385093689	0.3628539443016052	-0.24190263450145721
1512060675965	-0.607200026512146	0.2993239760398865	-0.12095131725072861
1512060675979	-0.5387831330299377	0.14905111491680145	0.07452555745840073
1512060675993	-0.6279694437980652	-0.05009094998240471	0.32009339332580566
1512060676007	-0.7709119319915771	-0.2076941877603531	0.5265658497810364
1512060676023	-0.7819074988365173	-0.26145032048225403	0.598647952079773
1512060676036	-0.6511823534965515	-0.22602014243602753	0.5766568183898926
1512060676049	-0.485027015209198	-0.17837265133857727	0.5253441333770752
1512060676062	-0.40072759985923767	-0.15882496535778046	0.5070181488990784
1512060676076	-0.31642818450927734	-0.1111774742603302	0.4398229718208313
1512060676089	-0.251676470041275	-0.07941248267889023	0.3897320330142975
1512060676102	-0.19425514340400696	-0.04642575979232788	0.33597588539123535
1512060676115	-0.14905111491680145	0.0024434609804302454	0.28588494658470154
1512060676128	-0.10262536257505417	0.042760565876960754	0.23457226157188416
1512060676142	-0.08918632566928864	0.08185594528913498	0.21380282938480377
1512060676155	-0.09651670604944229	0.11484266817569733	0.14294247329235077
1512060676170	-0.024434609338641167	0.22113321721553802	0.07819075137376785
1512060676183	0.039095375686883926	0.24190263450145721	0.015882495790719986
1512060676196	0.03420845419168472	0.2028072625398636	0.02321287989616394
1512060676209	-0.015882495790719986	0.2321287989616394	0.036651913076639175
1512060676222	-0.05375614017248154	0.05619960278272629	0.1563815027475357
1512060676235	-0.08796459436416626	-0.059864792972803116	0.304210901260376
1512060676248	-0.030543262138962746	-0.05619960278272629	0.27488934993743896
1512060676262	0.1014036312699318	-0.0806342139840126	0.2626720666885376
1512060676275	0.05497787147760391	-0.11850785464048386	0.2736676335334778
1512060676288	-0.01710422709584236	-0.19425514340400696	0.3396410644054413
1512060676301	-0.019547687843441963	-0.21502456068992615	0.31642818450927734
1512060676316	-0.024434609338641167	-0.2076941877603531	0.27000242471694946
1512060676329	-0.0659734457731247	-0.19914206862449646	0.21991148591041565
1512060676343	-0.1612684279680252	-0.18325957655906677	0.1612684279680252
1512060676356	-0.24434609711170197	-0.14782938361167908	0.1014036312699318
1512060676369	-0.09162978827953339	-0.010995574295520782	-0.06230825558304787
1512060676383	0.009773843921720982	0.28099802136421204	-0.48258355259895325
1512060676396	0.05742133408784866	0.4129449129104614	-0.6890559792518616
1512060676409	0.07330382615327835	0.38240164518356323	-0.720820963382721
1512060676423	0.2064724564552307	0.4129449129104614	-0.7733554244041443
1512060676437	0.45204028487205505	0.49846604466438293	-0.8723155856132507
1512060676451	0.5583308339118958	0.4495968222618103	-0.8295549750328064
1512060676464	0.6255260109901428	0.304210901260376	-0.6719517707824707
1512060676477	0.9260717034339905	0.26511552929878235	-0.6194173693656921
1512060676491	0.9297369122505188	0.2773328125476837	-0.6047565937042236
1512060676504	0.5485569834709167	0.20036379992961884	-0.5009095072746277
1512060676517	-0.17104226350784302	-0.07208210229873657	-0.22602014243602753
1512060676531	-0.1661553531885147	-0.08307767659425735	-0.18081611394882202
1512060676544	0.12339477986097336	-0.25534167885780334	0.07208210229873657
1512060676557	0.18814650177955627	-0.2932153046131134	0.15882496535778046
1512060676570	0.09651670604944229	-0.394618958234787	0.2919935882091522
1512060676584	-0.6377432942390442	-0.5925393104553223	0.49724429845809937
1512060676599	-0.5705481171607971	-0.588874101638794	0.5180137157440186
1512060676612	-0.36529740691185	-0.5510004758834839	0.48380526900291443
1512060676625	-0.23335053026676178	-0.4386012554168701	0.37262779474258423
1512060676639	-0.2480112910270691	-0.4300491213798523	0.375071257352829
1512060676652	-0.4043927788734436	-0.5082398653030396	0.485027015209198
1512060676665	-0.13805554807186127	-0.5717698931694031	0.5204572081565857
1512060676678	0.5448917746543884	-0.6792821288108826	0.5290092825889587
1512060676691	0.45814892649650574	-0.6633996367454529	0.5290092825889587
1512060676705	0.07941248267889023	-0.7098253965377808	0.6475171446800232
1512060676718	-0.22968533635139465	-0.6963863968849182	0.6988298296928406
1512060676730	-0.18570303916931152	-0.6218608021736145	0.6450737118721008
1512060676746	0.01710422709584236	-0.6450737118721008	0.6536257863044739
1512060676760	0.12461651116609573	-0.6976081132888794	0.6866125464439392
1512060676777	0.051312681287527084	-0.8283332586288452	0.8405506014823914
1512060676791	-0.22846360504627228	-0.9321803450584412	1.0433578491210938
1512060676803	-0.3481931984424591	-0.9944885969161987	1.1459832191467285
1512060676818	-0.46670106053352356	-0.827111542224884	1.0445796251296997
1512060676831	-0.6609562039375305	-0.5497786998748779	0.8955284357070923
1512060676844	-0.9028588533401489	-0.2638937830924988	0.7550294399261475
1512060676857	-1.0018190145492554	-0.0659734457731247	0.6524040699005127
1512060676871	-0.8637634515762329	-0.006108652334660292	0.5571091175079346
1512060676885	-0.6548475623130798	-0.05497787147760391	0.48869219422340393
1512060676901	-0.5009095072746277	-0.04642575979232788	0.3933972120285034
1512060676914	-0.3738495409488678	0.024434609338641167	0.27122417092323303
1512060676928	-0.36529740691185	0.12095131725072861	0.1722639948129654
1512060676941	-0.46792277693748474	0.5021312236785889	-0.09529497474431992
1512060676954	-0.33597588539123535	0.7122688889503479	-0.3591887652873993
1512060676967	-0.10751228034496307	0.8051204085350037	-0.5558874011039734
1512060676980	0.0024434609804302454	0.8087855577468872	-0.6206390857696533
1512060676994	0.2785545587539673	0.6841690540313721	-0.6414085030555725
1512060677007	0.6316346526145935	0.5473352670669556	-0.6438519954681396
1512060677020	0.7770205736160278	0.5326744914054871	-0.6695083379745483
1512060677033	0.7379252314567566	0.5913175344467163	-0.7086036801338196
1512060677048	0.6475171446800232	0.6279694437980652	-0.7147123217582703
1512060677061	0.5522221922874451	0.5510004758834839	-0.626747727394104
1512060677074	0.46547931432724	0.42638394236564636	-0.49235737323760986
1512060677088	0.37262779474258423	0.3494149148464203	-0.39584067463874817
1512060677101	0.26511552929878235	0.19058994948863983	-0.21624629199504852
1512060677114	0.2125810980796814	0.02932153269648552	-0.05497787147760391
1512060677127	0.2883284091949463	-0.05253441259264946	0.00733038317412138
1512060677141	0.28466320037841797	-0.09529497474431992	0.04398229718208313
1512060677154	0.2981022298336029	-0.16982053220272064	0.10384709388017654
1512060677166	0.29077184200286865	-0.2565633952617645	0.18570303916931152
1512060677180	0.19914206862449646	-0.3738495409488678	0.31154128909111023
1512060677195	0.1014036312699318	-0.5070181488990784	0.45326200127601624
1512060677208	0.010995574295520782	-0.6597344875335693	0.6023131608963013
1512060677222	-0.06475171446800232	-0.827111542224884	0.7538077235221863
1512060677235	-0.06719517707824707	-0.8881980776786804	0.788016140460968
1512060677248	0.051312681287527084	-0.901637077331543	0.7305948138237
1512060677261	0.1270599663257599	-0.8881980776786804	0.6572909951210022
1512060677275	0.04642575979232788	-0.8222246170043945	0.6047565937042236
1512060677288	-0.006108652334660292	-0.6988298296928406	0.5021312236785889
1512060677301	0.039095375686883926	-0.5265658497810364	0.3139847218990326
1512060677314	0.12950342893600464	-0.2993239760398865	0.05497787147760391
1512060677327	0.1612684279680252	-0.05009094998240471	-0.16371189057826996
1512060677340	0.13439035415649414	0.1270599663257599	-0.3066543638706207
1512060677354	0.10751228034496307	0.3029891550540924	-0.4703662395477295
1512060677371	0.14905111491680145	0.485027015209198	-0.6572909951210022
1512060677384	0.19425514340400696	0.7770205736160278	-0.9199630618095398
1512060677397	0.18814650177955627	0.9822713136672974	-1.1068878173828125
1512060677410	0.13439035415649414	1.0213667154312134	-1.1093312501907349
1512060677424	-0.00366519158706069	0.9944885969161987	-1.0286970138549805
1512060677437	-0.19547687470912933	0.9321803450584412	-0.9187413454055786
1512060677450	-0.3139847218990326	0.8417723178863525	-0.7965682744979858
1512060677464	-0.4129449129104614	0.769690215587616	-0.6707300543785095
1512060677477	-0.5607742667198181	0.740368664264679	-0.5668829679489136
1512060677490	-0.6682865619659424	0.7037167549133301	-0.4789183437824249
1512060677503	-0.6646214127540588	0.6670648455619812	-0.4178318381309509
1512060677518	-0.6743952035903931	0.626747727394104	-0.3628539443016052
1512060677531	-0.740368664264679	0.5962044596672058	-0.31154128909111023
1512060677544	-0.7929030656814575	0.5619960427284241	-0.24678955972194672
1512060677557	-0.7941248416900635	0.5119050741195679	-0.17959438264369965
1512060677570	-0.7122688889503479	0.46181413531303406	-0.13805554807186127
1512060677584	-0.5900958180427551	0.40194934606552124	-0.10018189996480942
1512060677597	-0.5375614166259766	0.3543018400669098	-0.05742133408784866
1512060677610	-0.5729916095733643	0.33719760179519653	-0.04153883829712868
1512060677623	-0.5839871764183044	0.30543261766433716	-0.03298672288656235
1512060677636	-0.46792277693748474	0.2834414839744568	-0.024434609338641167
1512060677649	-0.3433062732219696	0.2577851414680481	-0.010995574295520782
1512060677664	-0.28099802136421204	0.2480112910270691	0.0012217304902151227
1512060677678	-0.22113321721553802	0.2064724564552307	0.02687807008624077
1512060677692	-0.16737708449363708	0.1111774742603302	0.12095131725072861
1512060677705	-0.004886921960860491	0.010995574295520782	0.2076941877603531
1512060677718	0.0708603709936142	-0.08429940044879913	0.23457226157188416
1512060677732	0.010995574295520782	-0.12461651116609573	0.2968805134296417
1512060677745	-0.024434609338641167	-0.15882496535778046	0.3286454975605011
1512060677758	0.013439035043120384	-0.20036379992961884	0.35552358627319336
1512060677772	0.1918116807937622	-0.1966986060142517	0.33719760179519653
1512060677784	0.3579670190811157	-0.17592918872833252	0.31642818450927734
1512060677798	0.2382374405860901	-0.16982053220272064	0.32131510972976685
1512060677810	0.12828169763088226	-0.1466076523065567	0.31031954288482666
1512060677825	0.10384709388017654	-0.1111774742603302	0.2932153046131134
1512060677840	0.1270599663257599	-0.04153883829712868	0.26022860407829285
1512060677854	0.1466076523065567	0.019547687843441963	0.21380282938480377
1512060677871	0.08796459436416626	0.12095131725072861	0.11850785464048386
1512060677891	0.045204028487205505	0.14294247329235077	0.11728613078594208
1512060677911	0.0	0.10995574295520782	0.10995574295520782
1512060677931	0.036651913076639175	0.1014036312699318	0.08307767659425735
1512060677951	0.024434609338641167	0.14782938361167908	0.09040805697441101
1512060677971	-0.11850785464048386	0.1514945775270462	0.10873401165008545
1512060677991	-0.22968533635139465	0.13927727937698364	0.1160643994808197
1512060678012	-0.1918116807937622	0.10751228034496307	0.10995574295520782
1512060678031	-0.09040805697441101	0.0708603709936142	0.07208210229873657
1512060678051	-0.04764748737215996	0.05253441259264946	0.03298672288656235
1512060678071	-0.09285151958465576	0.08796459436416626	0.04764748737215996
1512060678091	0.0	0.0	0.0
1512060678111	0.0	0.0	0.0
1512060678131	0.0	0.0	0.0
1512060678151	0.14294247329235077	0.004886921960860491	-0.1869247704744339
1512060678171	0.17470745742321014	0.2015855312347412	-0.37140607833862305
1512060678191	0.2272418737411499	0.36529740691185	-0.5497786998748779
1512060678211	0.3029891550540924	0.384845107793808	-0.5974262356758118
1512060678232	0.35185837745666504	0.3530801236629486	-0.5974262356758118
1512060678251	0.32620203495025635	0.3384193480014801	-0.598647952079773
1512060678271	0.3543018400669098	0.35063666105270386	-0.6255260109901428
1512060678291	0.48869219422340393	0.3237585723400116	-0.5949827432632446
1512060678311	0.5742133259773254	0.2370157092809677	-0.4862487316131592
1512060678332	0.44226643443107605	0.1771509200334549	-0.3897320330142975
1512060678351	0.1014036312699318	-0.11972958594560623	-0.10873401165008545
1512060678371	-0.16371189057826996	-0.4288274049758911	0.22113321721553802
1512060678391	-0.19303341209888458	-0.6243042945861816	0.42760565876960754
1512060678412	-0.17348572611808777	-0.7037167549133301	0.5167919993400574
1512060678431	-0.19303341209888458	-0.8210029006004333	0.6340781450271606
1512060678451	-0.24678955972194672	-0.8906415104866028	0.7305948138237
1512060678471	-0.28588494658470154	-0.9651671051979065	0.8124507665634155
1512060678491	-0.34086281061172485	-1.0653489828109741	0.9224064946174622
1512060678511	-0.38240164518356323	-1.1105530261993408	1.0005972385406494
1512060678531	-0.41661009192466736	-1.0739010572433472	0.9944885969161987
1512060678551	-0.4288274049758911	-0.9358455538749695	0.8955284357070923
1512060678572	-0.34574973583221436	-0.8063421249389648	0.7709119319915771
1512060678591	-0.19914206862449646	-0.7244861721992493	0.6597344875335693
1512060678611	-0.051312681287527084	-0.6829473376274109	0.5900958180427551
1512060678631	-0.036651913076639175	-0.5705481171607971	0.5155702829360962
1512060678651	-0.09285151958465576	-0.4605923891067505	0.4789183437824249
1512060678671	-0.10384709388017654	-0.4043927788734436	0.44226643443107605
1512060678691	-0.09651670604944229	-0.3445279896259308	0.384845107793808
1512060678711	-0.04153883829712868	-0.29077184200286865	0.3017674386501312
1512060678732	0.04642575979232788	-0.2932153046131134	0.26633724570274353
1512060678751	0.13439035415649414	-0.2834414839744568	0.23457226157188416
1512060678771	0.15271630883216858	-0.2626720666885376	0.20525072515010834
1512060678791	0.1258382350206375	-0.3481931984424591	0.2773328125476837
1512060678811	0.03298672288656235	-0.4593706727027893	0.39706242084503174
1512060678831	-0.0354301854968071	-0.44837507605552673	0.42149701714515686
1512060678851	-0.06352998316287994	-0.38606682419776917	0.38240164518356323
1512060678871	-0.07208210229873657	-0.294437050819397	0.3127630054950714
1512060678891	-0.02687807008624077	-0.2321287989616394	0.23457226157188416
1512060678911	0.02687807008624077	-0.14905111491680145	0.14049901068210602
1512060678932	0.0	0.0	0.0
1512060678951	0.15760323405265808	0.03176499158143997	-0.06841690838336945
1512060678971	0.25534167885780334	0.09162978827953339	-0.17470745742321014
1512060678991	0.32986724376678467	0.17104226350784302	-0.27611109614372253
1512060679011	0.2834414839744568	0.18448130786418915	-0.2736676335334778
1512060679031	0.21013765037059784	0.13439035415649414	-0.20402899384498596
1512060679051	0.14416420459747314	0.08185594528913498	-0.14538592100143433
1512060679071	0.12828169763088226	0.03298672288656235	-0.11362093687057495
1512060679091	0.12339477986097336	-0.03298672288656235	-0.08796459436416626
1512060679111	0.2174680233001709	-0.12339477986097336	-0.0708603709936142
1512060679131	0.14416420459747314	-0.12095131725072861	-0.0354301854968071
1512060679152	0.15515977144241333	-0.1319468915462494	-0.04153883829712868
1512060679171	0.2773328125476837	-0.1771509200334549	-0.09162978827953339
1512060679191	0.30054569244384766	-0.18814650177955627	-0.09162978827953339
1512060679211	0.26633724570274353	-0.19914206862449646	-0.0757472887635231
1512060679232	0.20525072515010834	-0.1722639948129654	-0.08429940044879913
1512060679251	0.2932153046131134	-0.12950342893600464	-0.16004669666290283
1512060679271	0.4349360466003418	-0.03298672288656235	-0.28466320037841797
1512060679291	0.5277875661849976	0.08185594528913498	-0.39706242084503174
1512060679311	0.5766568183898926	0.22968533635139465	-0.513126790523529
1512060679331	0.5913175344467163	0.4202753007411957	-0.6768386960029602
1512060679351	0.5632177591323853	0.5852088928222656	-0.8185594081878662
1512060679371	0.48747047781944275	0.636521577835083	-0.8332201838493347
1512060679391	0.38606682419776917	0.5998696684837341	-0.7623597979545593
1512060679411	0.304210901260376	0.5387831330299377	-0.6731734871864319
1512060679431	0.17959438264369965	0.48747047781944275	-0.5827654600143433
1512060679451	0.042760565876960754	0.4544837474822998	-0.5106833577156067
1512060679471	0.012217304669320583	0.41172316670417786	-0.45814892649650574
1512060679491	0.09407325088977814	0.43737950921058655	-0.4996877610683441
1512060679511	0.12828169763088226	0.4801400899887085	-0.5705481171607971
1512060679531	0.12217304855585098	0.46303585171699524	-0.5607742667198181
1512060679551	-0.08552113175392151	0.34208452701568604	-0.4043927788734436
1512060679571	-0.2528982162475586	0.2993239760398865	-0.32498031854629517
1512060679591	-0.1514945775270462	0.27977627515792847	-0.32009339332580566
1512060679613	0.04886921867728233	0.36651915311813354	-0.4251621961593628
1512060679631	0.16737708449363708	0.5510004758834839	-0.608421802520752
1512060679651	0.19425514340400696	0.7183775305747986	-0.7635815739631653
1512060679672	0.1918116807937622	0.7782423496246338	-0.8148942589759827
1512060679691	0.20402899384498596	0.8527678847312927	-0.8784242272377014
1512060679711	0.20525072515010834	0.8918632864952087	-0.8759807348251343
1512060679731	0.12950342893600464	0.7941248416900635	-0.7525860071182251
1512060679751	-0.02321287989616394	0.6389650702476501	-0.5717698931694031
1512060679771	-0.024434609338641167	0.5473352670669556	-0.47280970215797424
1512060679791	0.08918632566928864	0.5400048494338989	-0.4386012554168701
1512060679812	0.12217304855585098	0.5754350423812866	-0.4434881806373596
1512060679831	0.11239920556545258	0.5461135506629944	-0.38728857040405273
1512060679852	0.0354301854968071	0.4288274049758911	-0.24556782841682434
1512060679871	0.02687807008624077	0.3738495409488678	-0.17837265133857727
1512060679891	0.04886921867728233	0.3689626157283783	-0.16493362188339233
1512060679911	0.08796459436416626	0.3701843321323395	-0.16982053220272064
1512060679931	0.1563815027475357	0.35674530267715454	-0.1466076523065567
1512060679951	0.06719517707824707	0.31642818450927734	-0.11239920556545258
1512060679971	0.03298672288656235	0.294437050819397	-0.09773843735456467
1512060679991	-0.1014036312699318	0.19303341209888458	-0.0354301854968071
1512060680011	-0.44104471802711487	0.018325956538319588	0.09407325088977814
1512060680031	-0.7452555894851685	-0.12339477986097336	0.20036379992961884
1512060680051	-0.9346238374710083	-0.22479841113090515	0.2785545587539673
1512060680071	-0.911410927772522	-0.2577851414680481	0.294437050819397
1512060680091	-0.7049384713172913	-0.2125810980796814	0.24923302233219147
1512060680111	-0.5839871764183044	-0.24923302233219147	0.2785545587539673
1512060680131	-0.5534439086914062	-0.375071257352829	0.37140607833862305
1512060680151	-0.5681046843528748	-0.4691445231437683	0.42271876335144043
1512060680171	-0.5338962078094482	-0.4337143301963806	0.3689626157283783
1512060680192	-0.3897320330142975	-0.3591887652873993	0.2626720666885376
1512060680211	-0.31031954288482666	-0.3274237811565399	0.21624629199504852
1512060680231	-0.23579397797584534	-0.2687807083129883	0.15882496535778046
1512060680251	0.03298672288656235	-0.12950342893600464	0.028099801391363144
1512060680271	0.4715879559516907	0.06108652427792549	-0.17959438264369965
1512060680291	0.8491026759147644	0.27611109614372253	-0.3836233615875244
1512060680313	0.7574729323387146	0.2993239760398865	-0.42271876335144043
1512060680331	0.5473352670669556	0.20036379992961884	-0.3481931984424591
1512060680351	0.47769662737846375	0.1417207419872284	-0.3078760802745819
1512060680371	0.7513642311096191	0.21868975460529327	-0.3579670190811157
1512060680391	0.6951646208763123	0.21013765037059784	-0.32986724376678467
1512060680412	0.5094616413116455	0.18936823308467865	-0.3017674386501312
1512060680431	0.40194934606552124	0.15271630883216858	-0.2565633952617645
1512060680451	0.3530801236629486	0.16004669666290283	-0.251676470041275
1512060680471	0.32498031854629517	0.14538592100143433	-0.22479841113090515
1512060680491	0.2541199326515198	0.09896016865968704	-0.1722639948129654
1512060680511	0.15760323405265808	0.030543262138962746	-0.10384709388017654
1512060680532	0.06841690838336945	-0.1722639948129654	0.11972958594560623
1512060680551	-0.004886921960860491	-0.4251621961593628	0.3701843321323395
1512060680571	-0.10751228034496307	-0.46303585171699524	0.4178318381309509
1512060680591	-0.36163222789764404	-0.4300491213798523	0.38240164518356323
1512060680611	-0.5583308339118958	-0.4544837474822998	0.4080579876899719
1512060680632	-0.41172316670417786	-0.5375614166259766	0.4899139404296875
1512060680651	-0.2883284091949463	-0.6243042945861816	0.5436700582504272
1512060680671	-0.294437050819397	-0.7379252314567566	0.6206390857696533
1512060680691	-0.30543261766433716	-0.7538077235221863	0.6133087277412415
1512060680712	-0.27000242471694946	-0.7012733221054077	0.5558874011039734
1512060680732	-0.2272418737411499	-0.656069278717041	0.513126790523529
1512060680751	-0.15760323405265808	-0.5962044596672058	0.4605923891067505
1512060680771	-0.16249015927314758	-0.5400048494338989	0.41661009192466736
1512060680791	-0.1258382350206375	-0.4996877610683441	0.36651915311813354
1512060680811	0.059864792972803116	-0.4862487316131592	0.31154128909111023
1512060680832	0.2076941877603531	-0.48869219422340393	0.2968805134296417
1512060680851	0.13072516024112701	-0.43249258399009705	0.27977627515792847
1512060680871	0.0024434609804302454	-0.39095374941825867	0.2822197377681732
1512060680891	-0.08552113175392151	-0.4092797040939331	0.3286454975605011
1512060680911	-0.22968533635139465	-0.45204028487205505	0.4178318381309509
1512060680931	-0.2125810980796814	-0.49724429845809937	0.4996877610683441
1512060680952	-0.27611109614372253	-0.5436700582504272	0.6059783101081848
1512060680971	-0.42760565876960754	-0.5180137157440186	0.6536257863044739
1512060680991	-0.5155702829360962	-0.48747047781944275	0.6841690540313721
1512060681011	-0.49357911944389343	-0.49235737323760986	0.6976081132888794
1512060681031	-0.40683624148368835	-0.40683624148368835	0.6291912198066711
1512060681051	-0.35552358627319336	-0.2773328125476837	0.5143485069274902
1512060681071	-0.31031954288482666	-0.17592918872833252	0.4080579876899719
1512060681091	-0.24068090319633484	-0.07696902006864548	0.2981022298336029
1512060681111	-0.1062905490398407	-0.006108652334660292	0.15882496535778046
1512060681131	-0.019547687843441963	0.07452555745840073	0.01710422709584236
1512060681151	0.13561208546161652	0.2638937830924988	-0.1258382350206375
1512060681171	0.24678955972194672	0.3445279896259308	-0.24556782841682434
1512060681191	0.28466320037841797	0.4178318381309509	-0.33719760179519653
1512060681211	0.3701843321323395	0.48258355259895325	-0.4349360466003418
1512060681231	0.48258355259895325	0.5448917746543884	-0.5314527750015259
1512060681251	0.5094616413116455	0.513126790523529	-0.5192354321479797
1512060681272	0.42760565876960754	0.45814892649650574	-0.4605923891067505
1512060681291	0.3384193480014801	0.4043927788734436	-0.39584067463874817
1512060681311	0.3078760802745819	0.3188716471195221	-0.32131510972976685
1512060681331	0.26633724570274353	0.16982053220272064	-0.18570303916931152
1512060681351	0.1111774742603302	-0.00855211354792118	-0.0012217304902151227
1512060681371	0.04398229718208313	-0.1466076523065567	0.14049901068210602
1512060681391	-0.0354301854968071	-0.24923302233219147	0.25534167885780334
1512060681412	-0.13561208546161652	-0.3323107063770294	0.32009339332580566
1512060681431	-0.15515977144241333	-0.42271876335144043	0.375071257352829
1512060681451	-0.13805554807186127	-0.45204028487205505	0.37262779474258423
1512060681471	-0.07941248267889023	-0.43737950921058655	0.3384193480014801
1512060681491	0.018325956538319588	-0.4447098970413208	0.2993239760398865
1512060681511	0.04398229718208313	-0.46547931432724	0.27488934993743896
1512060681531	0.10995574295520782	-0.31520646810531616	0.1062905490398407
1512060681552	0.17470745742321014	-0.08307767659425735	-0.13316862285137177
1512060681572	0.19425514340400696	0.05375614017248154	-0.251676470041275
1512060681592	0.21624629199504852	0.10384709388017654	-0.32009339332580566
1512060681611	0.294437050819397	0.18448130786418915	-0.4300491213798523
1512060681631	0.41172316670417786	0.2773328125476837	-0.5485569834709167
1512060681651	0.46181413531303406	0.33597588539123535	-0.5998696684837341
1512060681671	0.4239404797554016	0.34574973583221436	-0.5839871764183044
1512060681691	0.3029891550540924	0.3836233615875244	-0.598647952079773
1512060681711	0.17592918872833252	0.39584067463874817	-0.5791002511978149
1512060681731	0.024434609338641167	0.39217549562454224	-0.5375614166259766
1512060681751	0.09651670604944229	0.32986724376678467	-0.48747047781944275
1512060681771	0.1014036312699318	0.27611109614372253	-0.43615779280662537
1512060681791	0.1014036312699318	0.2541199326515198	-0.39706242084503174
1512060681812	0.2015855312347412	0.1869247704744339	-0.3481931984424591
1512060681832	0.34697145223617554	0.16859880089759827	-0.32009339332580566
1512060681851	0.48258355259895325	0.26145032048225403	-0.3995058834552765
1512060681871	0.5497786998748779	0.50335294008255	-0.6206390857696533
1512060681891	0.5009095072746277	0.685390830039978	-0.788016140460968
1512060681911	0.43249258399009705	0.7721336483955383	-0.8747590184211731
1512060681932	0.32986724376678467	0.7318165898323059	-0.8210029006004333
1512060681951	0.2773328125476837	0.6646214127540588	-0.740368664264679
1512060681971	0.2174680233001709	0.5852088928222656	-0.6499606370925903
1512060681991	0.1062905490398407	0.5241223573684692	-0.5656611919403076
1512060682011	-0.06230825558304787	0.47280970215797424	-0.475253164768219
1512060682032	-0.20036379992961884	0.44715335965156555	-0.4202753007411957
1512060682054	-0.12828169763088226	0.42638394236564636	-0.35552358627319336
1512060682071	-0.0659734457731247	0.3628539443016052	-0.2932153046131134
1512060682091	-0.05619960278272629	0.251676470041275	-0.17470745742321014
1512060682111	-0.09040805697441101	0.08918632566928864	0.05009094998240471
1512060682131	-0.09040805697441101	-0.05497787147760391	0.22113321721553802
1512060682151	0.0	-0.036651913076639175	0.2565633952617645
1512060682171	0.14294247329235077	-0.025656340643763542	0.26633724570274353
1512060682191	0.10506882518529892	-0.018325956538319588	0.2724458873271942
1512060682211	0.01466076634824276	0.019547687843441963	0.27000242471694946
1512060682231	-0.0024434609804302454	0.06841690838336945	0.22479841113090515
1512060682251	-0.004886921960860491	0.09407325088977814	0.1661553531885147
1512060682271	0.0	0.11850785464048386	0.12828169763088226
1512060682291	-0.18936823308467865	0.11484266817569733	0.10751228034496307
1512060682311	-0.6133087277412415	0.09407325088977814	0.18081611394882202
1512060682331	-0.7953465580940247	0.11728613078594208	0.16004669666290283
1512060682351	-0.675616979598999	0.1258382350206375	0.1270599663257599
1512060682371	-0.5082398653030396	0.14294247329235077	0.09773843735456467
1512060682391	-0.4960225820541382	0.1270599663257599	0.09529497474431992
1512060682411	-0.46792277693748474	0.10018189996480942	0.10384709388017654
1512060682431	-0.43127086758613586	0.03176499158143997	0.16493362188339233
1512060682451	-0.3176499307155609	-0.06108652427792549	0.23335053026676178
1512060682471	-0.21991148591041565	-0.14416420459747314	0.28955012559890747
1512060682494	-0.08307767659425735	-0.2223549485206604	0.3579670190811157
1512060682511	-0.042760565876960754	-0.2883284091949463	0.40072759985923767
1512060682531	-0.02687807008624077	-0.2675589919090271	0.3628539443016052
1512060682551	0.08796459436416626	-0.20036379992961884	0.2736676335334778
1512060682571	0.2076941877603531	-0.13561208546161652	0.18814650177955627
1512060682591	0.1966986060142517	-0.03176499158143997	0.059864792972803116
1512060682611	0.15760323405265808	0.23579397797584534	-0.2321287989616394
1512060682631	0.12095131725072861	0.251676470041275	-0.27488934993743896
1512060682651	0.08796459436416626	0.1270599663257599	-0.15760323405265808
1512060682671	0.11484266817569733	0.09651670604944229	-0.14294247329235077
1512060682691	0.09285151958465576	0.08307767659425735	-0.14416420459747314
1512060682712	0.04642575979232788	0.0708603709936142	-0.13072516024112701
1512060682731	0.00855211354792118	0.13072516024112701	-0.22357667982578278
1512060682751	-0.10506882518529892	0.1820378452539444	-0.30054569244384766
1512060682771	-0.12217304855585098	0.20402899384498596	-0.3481931984424591
1512060682791	-0.02687807008624077	0.2125810980796814	-0.37262779474258423
1512060682811	-0.036651913076639175	0.08307767659425735	-0.25534167885780334
1512060682831	-0.2028072625398636	-0.07208210229873657	-0.11850785464048386
1512060682851	-0.3995058834552765	-0.23090706765651703	0.028099801391363144
1512060682871	-0.4960225820541382	-0.30543261766433716	0.10384709388017654
1512060682891	-0.38728857040405273	-0.2675589919090271	0.0757472887635231
1512060682912	-0.3029891550540924	-0.24923302233219147	0.0757472887635231
1512060682932	-0.2919935882091522	-0.27977627515792847	0.11850785464048386
1512060682954	-0.26145032048225403	-0.3127630054950714	0.15271630883216858
1512060682972	0.0012217304902151227	-0.3078760802745819	0.14905111491680145
1512060682991	0.4349360466003418	-0.37629300355911255	0.21380282938480377
1512060683011	0.5925393104553223	-0.3799581825733185	0.22846360504627228
1512060683031	0.504574716091156	-0.4129449129104614	0.2724458873271942
1512060683051	0.44837507605552673	-0.4153883755207062	0.2773328125476837
1512060683071	0.5473352670669556	-0.4495968222618103	0.3078760802745819
1512060683091	0.7244861721992493	-0.5021312236785889	0.3335324227809906
1512060683112	0.7562511563301086	-0.5412266254425049	0.3677408695220947
1512060683131	0.4703662395477295	-0.5180137157440186	0.3885102868080139
1512060683151	0.17104226350784302	-0.4948008358478546	0.41172316670417786
1512060683171	0.030543262138962746	-0.4593706727027893	0.4105014503002167
1512060683191	0.01710422709584236	-0.4288274049758911	0.39095374941825867
1512060683211	0.0354301854968071	-0.35552358627319336	0.3433062732219696
1512060683232	-0.025656340643763542	-0.2981022298336029	0.3384193480014801
1512060683251	-0.15271630883216858	-0.22113321721553802	0.32498031854629517
1512060683271	-0.33597588539123535	-0.14416420459747314	0.2968805134296417
1512060683291	-0.3787364661693573	-0.06963863968849182	0.24678955972194672
1512060683311	-0.32131510972976685	-0.051312681287527084	0.2321287989616394
1512060683331	-0.28466320037841797	-0.015882495790719986	0.20402899384498596
1512060683351	-0.23945917189121246	0.06841690838336945	0.1319468915462494
1512060683371	-0.1368338167667389	0.15393804013729095	-0.02076941914856434
1512060683391	-0.039095375686883926	0.25045475363731384	-0.1466076523065567
1512060683411	0.1417207419872284	0.2125810980796814	-0.16371189057826996
1512060683431	0.16249015927314758	0.1417207419872284	-0.14294247329235077
1512060683452	0.0	0.0	0.0
1512060683471	0.0	0.0	0.0
1512060683491	0.0	0.0	0.0
1512060683511	-0.01466076634824276	-0.1014036312699318	-0.042760565876960754
1512060683531	-0.012217304669320583	-0.17348572611808777	0.013439035043120384
1512060683551	-0.012217304669320583	-0.15515977144241333	0.010995574295520782
1512060683571	-0.01710422709584236	-0.17348572611808777	0.0024434609804302454
1512060683591	-0.03420845419168472	-0.17104226350784302	0.013439035043120384
1512060683611	-0.0024434609804302454	-0.15515977144241333	-0.00733038317412138
1512060683631	0.05864306539297104	-0.1417207419872284	-0.025656340643763542
1512060683652	0.08552113175392151	-0.10384709388017654	-0.019547687843441963
1512060683673	0.0806342139840126	-0.07208210229873657	-0.024434609338641167
1512060683691	0.05742133408784866	-0.0354301854968071	-0.0403171069920063
1512060683711	0.07208210229873657	-0.019547687843441963	-0.08307767659425735
1512060683731	0.05253441259264946	-0.02321287989616394	-0.05375614017248154
1512060683751	0.05619960278272629	-0.03298672288656235	-0.042760565876960754
1512060683771	0.1514945775270462	-0.0806342139840126	-0.03176499158143997
1512060683791	0.11239920556545258	-0.1270599663257599	0.03787364438176155
1512060683811	0.05864306539297104	-0.15882496535778046	0.08796459436416626
1512060683831	0.025656340643763542	-0.19058994948863983	0.13439035415649414
1512060683851	-0.024434609338641167	-0.2736676335334778	0.23090706765651703
1512060683871	0.0024434609804302454	-0.2382374405860901	0.20036379992961884
1512060683893	0.01466076634824276	-0.18936823308467865	0.1563815027475357
1512060683915	0.0659734457731247	-0.15271630883216858	0.11484266817569733
1512060683931	0.08429940044879913	-0.1368338167667389	0.10384709388017654
1512060683951	0.10995574295520782	-0.11728613078594208	0.07819075137376785
1512060683971	0.10751228034496307	0.0	-0.02932153269648552
1512060683991	0.23579397797584534	0.15393804013729095	-0.19425514340400696
1512060684011	0.21013765037059784	0.21013765037059784	-0.22846360504627228
1512060684031	0.16493362188339233	0.22602014243602753	-0.21013765037059784
1512060684051	0.1466076523065567	0.2272418737411499	-0.19058994948863983
1512060684071	0.1270599663257599	0.20891591906547546	-0.1612684279680252
1512060684092	0.10506882518529892	0.17959438264369965	-0.13072516024112701
1512060684111	-0.01710422709584236	0.2064724564552307	-0.1319468915462494
1512060684131	-0.2626720666885376	0.21013765037059784	-0.09651670604944229
1512060684152	-0.32620203495025635	0.16249015927314758	-0.04153883829712868
1512060684171	-0.24190263450145721	0.1722639948129654	-0.06475171446800232
1512060684191	-0.20525072515010834	0.1661553531885147	-0.059864792972803116
1512060684211	-0.20402899384498596	0.1514945775270462	-0.05253441259264946
1512060684231	-0.21135938167572021	0.16982053220272064	-0.07452555745840073
1512060684251	-0.11362093687057495	0.2968805134296417	-0.2272418737411499
1512060684271	-0.0024434609804302454	0.44226643443107605	-0.39217549562454224
1512060684291	0.059864792972803116	0.5619960427284241	-0.5229006409645081
1512060684311	0.19425514340400696	0.5839871764183044	-0.5644394755363464
1512060684331	0.2638937830924988	0.6243042945861816	-0.5900958180427551
1512060684351	0.24923302233219147	0.6780604124069214	-0.6145304441452026
1512060684372	0.2028072625398636	0.7122688889503479	-0.6304129362106323
1512060684391	0.1417207419872284	0.6890559792518616	-0.5681046843528748
1512060684411	-0.03787364438176155	0.6206390857696533	-0.47280970215797424
1512060684432	-0.1869247704744339	0.5326744914054871	-0.38728857040405273
1512060684451	-0.2968805134296417	0.45692721009254456	-0.3225368559360504
1512060684471	-0.3738495409488678	0.40194934606552124	-0.26022860407829285
1512060684491	-0.4092797040939331	0.3225368559360504	-0.16859880089759827
1512060684511	-0.4398229718208313	0.21013765037059784	-0.05009094998240471
1512060684531	-0.41172316670417786	0.14049901068210602	0.025656340643763542
1512060684551	-0.36651915311813354	0.05009094998240471	0.12828169763088226
1512060684573	-0.3090978264808655	-0.12217304855585098	0.30543261766433716
1512060684592	-0.2993239760398865	-0.2675589919090271	0.44837507605552673
1512060684611	-0.2724458873271942	-0.3029891550540924	0.5155702829360962
1512060684631	-0.28099802136421204	-0.32009339332580566	0.5216789245605469
1512060684651	-0.3885102868080139	-0.3066543638706207	0.485027015209198
1512060684671	-0.39706242084503174	-0.26511552929878235	0.4239404797554016
1512060684691	-0.27977627515792847	-0.1869247704744339	0.33719760179519653
1512060684712	-0.1869247704744339	-0.1160643994808197	0.24678955972194672
1512060684731	-0.04642575979232788	0.01710422709584236	0.059864792972803116
1512060684751	-0.00855211354792118	0.18570303916931152	-0.04764748737215996
1512060684771	-0.009773843921720982	0.2968805134296417	-0.14538592100143433
1512060684791	-0.08674286305904388	0.4239404797554016	-0.2528982162475586
1512060684811	-0.2626720666885376	0.5717698931694031	-0.4031710624694824
1512060684831	-0.294437050819397	0.66584312915802	-0.5180137157440186
1512060684852	-0.17104226350784302	0.7147123217582703	-0.5913175344467163
1512060684872	-0.09773843735456467	0.6633996367454529	-0.5607742667198181
1512060684891	0.012217304669320583	0.5827654600143433	-0.4948008358478546
1512060684911	0.04886921867728233	0.45326200127601624	-0.3933972120285034
1512060684931	0.00855211354792118	0.3445279896259308	-0.3078760802745819
1512060684951	-0.009773843921720982	0.23335053026676178	-0.2064724564552307
1512060684971	0.0	0.0	0.0
1512060684992	-0.13316862285137177	-0.0806342139840126	0.07819075137376785
1512060685012	-0.10384709388017654	-0.1319468915462494	0.12217304855585098
1512060685031	-0.0708603709936142	-0.12950342893600464	0.09162978827953339
1512060685051	-0.04886921867728233	-0.2174680233001709	0.10384709388017654
1512060685071	0.05009094998240471	-0.17348572611808777	0.06352998316287994
1512060685091	0.042760565876960754	-0.12828169763088226	0.02076941914856434
1512060685111	0.015882495790719986	-0.10384709388017654	-0.03787364438176155
1512060685131	0.02076941914856434	-0.05619960278272629	-0.09407325088977814
1512060685151	0.02932153269648552	-0.0012217304902151227	-0.07330382615327835
1512060685171	0.11850785464048386	-0.00733038317412138	-0.10018189996480942
1512060685191	0.14416420459747314	-0.006108652334660292	-0.1258382350206375
1512060685212	0.0806342139840126	-0.028099801391363144	-0.12950342893600464
1512060685231	0.05253441259264946	-0.05375614017248154	-0.11362093687057495
1512060685252	0.10995574295520782	-0.05864306539297104	-0.12217304855585098
1512060685271	0.2626720666885376	-0.08796459436416626	-0.09407325088977814
1512060685291	0.37751471996307373	-0.12095131725072861	-0.04642575979232788
1512060685312	0.3995058834552765	-0.21868975460529327	0.045204028487205505
1512060685332	0.4691445231437683	-0.28466320037841797	0.10262536257505417
1512060685351	0.5705481171607971	-0.26145032048225403	0.0757472887635231
1512060685371	0.6536257863044739	-0.2577851414680481	0.07696902006864548
1512060685391	0.6817256212234497	-0.24923302233219147	0.09529497474431992
1512060685411	0.5571091175079346	-0.2577851414680481	0.10018189996480942
1512060685431	0.4239404797554016	-0.3433062732219696	0.1966986060142517
1512060685451	0.3017674386501312	-0.47769662737846375	0.33597588539123535
1512060685471	0.15882496535778046	-0.5632177591323853	0.44837507605552673
1512060685492	-0.08307767659425735	-0.6096435189247131	0.5070181488990784
1512060685512	-0.25045475363731384	-0.5009095072746277	0.4178318381309509
1512060685534	-0.2370157092809677	-0.4508185386657715	0.36529740691185
1512060685556	-0.25045475363731384	-0.4495968222618103	0.36651915311813354
1512060685573	-0.375071257352829	-0.50335294008255	0.4349360466003418
1512060685591	-0.48747047781944275	-0.4911356568336487	0.4495968222618103
1512060685612	-0.5827654600143433	-0.4080579876899719	0.3995058834552765
1512060685640	-0.6438519954681396	-0.38240164518356323	0.3701843321323395
1512060685674	-0.5229006409645081	-0.40072759985923767	0.3530801236629486
1512060685708	-0.3445279896259308	-0.38117989897727966	0.3127630054950714
1512060685824	-0.12461651116609573	-0.31154128909111023	0.21624629199504852
1512060685893	0.09896016865968704	-0.3225368559360504	0.1820378452539444
1512060685915	0.11728613078594208	-0.32009339332580566	0.1918116807937622
1512060685932	0.1319468915462494	-0.32009339332580566	0.20036379992961884
1512060685956	0.15271630883216858	-0.3433062732219696	0.21868975460529327
1512060685987	0.14416420459747314	-0.4447098970413208	0.31642818450927734
1512060686017	0.2321287989616394	-0.5326744914054871	0.39217549562454224
1512060686054	0.34086281061172485	-0.5864306092262268	0.40683624148368835
1512060686148	0.31154128909111023	-0.5583308339118958	0.3885102868080139
1512060686203	0.1722639948129654	-0.5021312236785889	0.3787364661693573
1512060686223	0.05009094998240471	-0.42638394236564636	0.36651915311813354
1512060686239	-0.1014036312699318	-0.35063666105270386	0.35552358627319336
1512060686273	-0.22846360504627228	-0.22968533635139465	0.3017674386501312
1512060686297	-0.1160643994808197	-0.11362093687057495	0.16982053220272064
1512060686313	0.0	0.0	0.0
1512060686355	0.0	0.0	0.0
1512060686404	0.17959438264369965	0.1319468915462494	-0.1319468915462494
1512060686449	0.22113321721553802	0.29077184200286865	-0.2834414839744568
1512060686587	0.21624629199504852	0.3799581825733185	-0.36529740691185
1512060686604	0.19547687470912933	0.4178318381309509	-0.38606682419776917
1512060686617	0.17592918872833252	0.4056145250797272	-0.37629300355911255
1512060686642	0.16859880089759827	0.38240164518356323	-0.36163222789764404
1512060686661	0.24556782841682434	0.32131510972976685	-0.3274237811565399
1512060686682	0.3591887652873993	0.25534167885780334	-0.2871066629886627
1512060686722	0.26633724570274353	0.21868975460529327	-0.2321287989616394
1512060686749	0.20402899384498596	0.17592918872833252	-0.1771509200334549
1512060686776	0.18081611394882202	0.1160643994808197	-0.11972958594560623
1512060686812	0.0	0.0	0.0
1512060686856	-0.08429940044879913	-0.19547687470912933	0.21624629199504852
1512060686939	-0.2015855312347412	-0.2565633952617645	0.2565633952617645
1512060686965	-0.14905111491680145	-0.2638937830924988	0.20525072515010834
1512060686985	-0.08918632566928864	-0.25534167885780334	0.15393804013729095
1512060687006	0.01466076634824276	-0.2577851414680481	0.07941248267889023
1512060687022	0.25534167885780334	-0.2272418737411499	-0.00855211354792118
1512060687039	0.4178318381309509	-0.2076941877603531	-0.06352998316287994
1512060687069	0.4105014503002167	-0.1869247704744339	-0.10018189996480942
1512060687092	0.3017674386501312	-0.2064724564552307	-0.0806342139840126
1512060687115	0.24068090319633484	-0.2321287989616394	-0.07208210229873657
1512060687143	0.22113321721553802	-0.19547687470912933	-0.13072516024112701
1512060687166	0.2565633952617645	0.015882495790719986	-0.3445279896259308
1512060687205	0.31642818450927734	0.2370157092809677	-0.5693264007568359
1512060687232	0.3579670190811157	0.2528982162475586	-0.5949827432632446
1512060687256	0.32986724376678467	0.19792033731937408	-0.5021312236785889
1512060687325	0.2223549485206604	0.2015855312347412	-0.45814892649650574
1512060687384	0.16982053220272064	0.26633724570274353	-0.4996877610683441
1512060687411	0.02687807008624077	0.32498031854629517	-0.513126790523529
1512060687440	-0.18081611394882202	0.45692721009254456	-0.6279694437980652
1512060687465	-0.14049901068210602	0.5900958180427551	-0.7489207983016968
1512060687494	-0.04886921867728233	0.6963863968849182	-0.8454375267028809
1512060687571	-0.036651913076639175	0.7965682744979858	-0.9346238374710083
1512060687606	-0.018325956538319588	0.827111542224884	-0.9480628371238708
1512060687641	-0.039095375686883926	0.7489207983016968	-0.8442157506942749
1512060687765	-0.0757472887635231	0.6328563690185547	-0.6878342628479004
1512060687795	-0.2064724564552307	0.5253441333770752	-0.5546656250953674
1512060687850	-0.31154128909111023	0.46670106053352356	-0.48258355259895325
1512060687877	-0.38606682419776917	0.4043927788734436	-0.39584067463874817
1512060687894	-0.39584067463874817	0.3579670190811157	-0.3188716471195221
1512060687914	-0.3433062732219696	0.3323107063770294	-0.2321287989616394
1512060687934	-0.30543261766433716	0.21868975460529327	-0.07330382615327835
1512060687958	-0.2675589919090271	0.1270599663257599	0.0659734457731247
1512060687997	-0.2076941877603531	0.11484266817569733	0.12950342893600464
1512060688023	-0.12461651116609573	0.07696902006864548	0.1661553531885147
1512060688066	-0.09529497474431992	0.1014036312699318	0.2028072625398636
1512060688156	0.00366519158706069	0.1514945775270462	0.17959438264369965
1512060688230	0.17470745742321014	0.27488934993743896	0.1014036312699318
1512060688287	0.3078760802745819	0.3836233615875244	0.06230825558304787
1512060688306	0.2528982162475586	0.37629300355911255	0.06230825558304787
1512060688328	0.13927727937698364	0.304210901260376	0.10384709388017654
1512060688346	0.09162978827953339	0.16737708449363708	0.22113321721553802
1512060688370	0.059864792972803116	0.04642575979232788	0.3225368559360504
1512060688389	0.02076941914856434	-0.042760565876960754	0.4043927788734436
1512060688420	-0.16249015927314758	-0.1966986060142517	0.5522221922874451
1512060688478	-0.3933972120285034	-0.2638937830924988	0.5962044596672058
1512060688542	-0.4691445231437683	-0.24678955972194672	0.5571091175079346
1512060688704	-0.4251621961593628	-0.22602014243602753	0.5180137157440186
1512060688721	-0.4349360466003418	-0.2028072625398636	0.4813618063926697
1512060688746	-0.5583308339118958	-0.24923302233219147	0.485027015209198
1512060688768	-0.6047565937042236	-0.21868975460529327	0.42271876335144043
1512060688804	-0.4447098970413208	-0.15882496535778046	0.33719760179519653
1512060688849	-0.27000242471694946	-0.10995574295520782	0.26022860407829285
1512060688884	-0.07819075137376785	-0.028099801391363144	0.15393804013729095
1512060688916	0.11972958594560623	0.05253441259264946	0.08307767659425735
1512060689011	0.07941248267889023	0.0757472887635231	0.019547687843441963
1512060689088	0.14905111491680145	0.20402899384498596	-0.09651670604944229
1512060689108	0.24190263450145721	0.3384193480014801	-0.2431243658065796
1512060689122	0.2736676335334778	0.36163222789764404	-0.2773328125476837
1512060689153	0.24190263450145721	0.2687807083129883	-0.21624629199504852
1512060689178	0.16493362188339233	0.19303341209888458	-0.1661553531885147
1512060689207	0.12217304855585098	0.03420845419168472	-0.04886921867728233
1512060689239	0.042760565876960754	-0.13439035415649414	0.10262536257505417
1512060689255	-0.00733038317412138	-0.1918116807937622	0.15271630883216858
1512060689270	-0.12950342893600464	-0.16737708449363708	0.1014036312699318
1512060689288	-0.4251621961593628	-0.15271630883216858	0.0659734457731247
1512060689308	-0.7073819637298584	-0.1417207419872284	0.04886921867728233
1512060689325	-0.6939429044723511	-0.13316862285137177	0.036651913076639175
1512060689342	-0.5558874011039734	-0.09651670604944229	0.00366519158706069
1512060689359	-0.4789183437824249	-0.10384709388017654	-0.00733038317412138
1512060689376	-0.45814892649650574	-0.13072516024112701	0.02076941914856434
1512060689391	-0.4593706727027893	-0.16493362188339233	0.042760565876960754
1512060689410	-0.41661009192466736	-0.17592918872833252	0.06108652427792549
1512060689441	-0.3481931984424591	-0.2370157092809677	0.10751228034496307
1512060689457	-0.24068090319633484	-0.18081611394882202	0.03787364438176155
1512060689471	0.045204028487205505	-0.14905111491680145	-0.00366519158706069
1512060689485	0.3066543638706207	-0.16859880089759827	-0.0024434609804302454
1512060689502	0.504574716091156	-0.16737708449363708	-0.004886921960860491
1512060689516	0.6768386960029602	-0.1160643994808197	-0.03787364438176155
1512060689529	0.8026769161224365	-0.05864306539297104	-0.07452555745840073
1512060689544	0.7733554244041443	-0.03420845419168472	-0.08552113175392151
1512060689558	0.6108652353286743	-0.06230825558304787	-0.05864306539297104
1512060689572	0.4715879559516907	-0.09162978827953339	-0.0354301854968071
1512060689586	0.4105014503002167	-0.0403171069920063	-0.08552113175392151
1512060689600	0.375071257352829	-0.01466076634824276	-0.11239920556545258
1512060689613	0.34574973583221436	-0.013439035043120384	-0.09285151958465576
1512060689627	0.2638937830924988	-0.04642575979232788	-0.03787364438176155
1512060689641	0.16493362188339233	-0.05253441259264946	-0.018325956538319588
1512060689658	-0.036651913076639175	-0.06352998316287994	0.02687807008624077
1512060689672	-0.3127630054950714	-0.17837265133857727	0.15393804013729095
1512060689687	-0.40194934606552124	-0.3176499307155609	0.3066543638706207
1512060689703	-0.4593706727027893	-0.44226643443107605	0.43615779280662537
1512060689717	-0.49846604466438293	-0.6023131608963013	0.6023131608963013
1512060689731	-0.48747047781944275	-0.720820963382721	0.740368664264679
1512060689746	-0.47280970215797424	-0.8100073337554932	0.8515461683273315
1512060689761	-0.45326200127601624	-0.8112290501594543	0.8894197940826416
1512060689775	-0.4715879559516907	-0.7037167549133301	0.8344419002532959
1512060689789	-0.5522221922874451	-0.5998696684837341	0.7819074988365173
1512060689803	-0.5375614166259766	-0.5729916095733643	0.7721336483955383
1512060689819	-0.42760565876960754	-0.6291912198066711	0.8038986921310425
1512060689834	-0.36529740691185	-0.6145304441452026	0.7941248416900635
1512060689848	-0.14049901068210602	-0.6047565937042236	0.7012733221054077
1512060689862	0.14905111491680145	-0.6035348773002625	0.5949827432632446
1512060689876	0.1258382350206375	-0.5082398653030396	0.5106833577156067
1512060689890	0.030543262138962746	-0.37140607833862305	0.43127086758613586
1512060689904	0.0	-0.31154128909111023	0.38606682419776917
1512060689918	-0.004886921960860491	-0.11484266817569733	0.18936823308467865
1512060689932	0.0757472887635231	0.00855211354792118	0.018325956538319588
1512060689946	0.1966986060142517	0.12339477986097336	-0.0806342139840126
1512060689962	0.24678955972194672	0.1270599663257599	-0.12095131725072861
1512060689978	0.2883284091949463	0.2028072625398636	-0.18814650177955627
1512060689995	0.21868975460529327	0.26022860407829285	-0.22479841113090515
1512060690011	0.16249015927314758	0.26022860407829285	-0.21624629199504852
1512060690025	-0.0024434609804302454	0.28955012559890747	-0.1966986060142517
1512060690039	-0.12217304855585098	0.3225368559360504	-0.18325957655906677
1512060690052	-0.1062905490398407	0.2834414839744568	-0.15882496535778046
1512060690065	-0.059864792972803116	0.16249015927314758	-0.08185594528913498
1512060690078	-0.06352998316287994	0.042760565876960754	0.015882495790719986
1512060690091	0.012217304669320583	-0.1368338167667389	0.1319468915462494
1512060690105	0.1258382350206375	-0.2871066629886627	0.21991148591041565
1512060690118	0.06352998316287994	-0.34208452701568604	0.27488934993743896
1512060690133	-0.01466076634824276	-0.43615779280662537	0.3787364661693573
1512060690146	-0.00855211354792118	-0.50335294008255	0.42271876335144043
1512060690160	0.013439035043120384	-0.5314527750015259	0.42271876335144043
1512060690173	0.01466076634824276	-0.5436700582504272	0.3933972120285034
1512060690186	-0.021991148591041565	-0.5338962078094482	0.3628539443016052
1512060690199	-0.059864792972803116	-0.513126790523529	0.34574973583221436
1512060690212	-0.0708603709936142	-0.4801400899887085	0.2993239760398865
1512060690225	0.018325956538319588	-0.2871066629886627	0.09529497474431992
1512060690238	0.38117989897727966	-0.03787364438176155	-0.2919935882091522
1512060690251	0.6524040699005127	0.3445279896259308	-0.7147123217582703
1512060690264	0.6866125464439392	0.5106833577156067	-0.8686503767967224
1512060690280	0.6010913848876953	0.5656611919403076	-0.8747590184211731
1512060690293	0.5412266254425049	0.6572909951210022	-0.9492846131324768
1512060690306	0.513126790523529	0.8344419002532959	-1.0836749076843262
1512060690320	0.43737950921058655	0.9187413454055786	-1.1203268766403198
1512060690333	0.35185837745666504	0.856433093547821	-1.0250319242477417
1512060690346	0.2675589919090271	0.8637634515762329	-0.9896016716957092
1512060690360	0.2321287989616394	0.9224064946174622	-1.0213667154312134
1512060690374	0.20402899384498596	0.9089674949645996	-0.9871582388877869
1512060690387	0.16371189057826996	0.8381071090698242	-0.8710938692092896
1512060690400	0.039095375686883926	0.6927211880683899	-0.6707300543785095
1512060690413	-0.5302310585975647	0.42271876335144043	-0.3335324227809906
1512060690427	-0.5510004758834839	0.38606682419776917	-0.28588494658470154
1512060690443	-0.4337143301963806	0.35185837745666504	-0.2541199326515198
1512060690457	-0.32498031854629517	0.42638394236564636	-0.3029891550540924
1512060690470	-0.3396410644054413	0.43249258399009705	-0.29077184200286865
1512060690484	-0.4080579876899719	0.3836233615875244	-0.21991148591041565
1512060690496	-0.42149701714515686	0.36651915311813354	-0.19303341209888458
1512060690510	-0.38728857040405273	0.3738495409488678	-0.18570303916931152
1512060690523	-0.4105014503002167	0.35063666105270386	-0.16249015927314758
1512060690536	-0.5204572081565857	0.2993239760398865	-0.09896016865968704
1512060690550	-0.4996877610683441	0.2675589919090271	-0.05619960278272629
1512060690562	-0.39706242084503174	0.19425514340400696	0.028099801391363144
1512060690575	-0.2919935882091522	0.18081611394882202	0.06963863968849182
1512060690589	-0.21991148591041565	0.1319468915462494	0.1160643994808197
1512060690604	-0.15027284622192383	-0.0012217304902151227	0.28588494658470154
1512060690618	-0.0024434609804302454	-0.18325957655906677	0.44593164324760437
1512060690631	0.1612684279680252	-0.2370157092809677	0.5106833577156067
1512060690644	0.2687807083129883	-0.17837265133857727	0.455705463886261
1512060690657	0.27000242471694946	-0.045204028487205505	0.36529740691185
1512060690671	0.2370157092809677	0.006108652334660292	0.32131510972976685
1512060690684	0.2590068578720093	0.05253441259264946	0.2773328125476837
1512060690696	0.3237585723400116	0.08796459436416626	0.27611109614372253
1512060690710	0.304210901260376	0.11850785464048386	0.2431243658065796
1512060690723	0.2541199326515198	0.18936823308467865	0.18325957655906677
1512060690736	0.2370157092809677	0.21380282938480377	0.1612684279680252
1512060690747	0.16249015927314758	0.2028072625398636	0.13316862285137177
1512060690763	-0.0024434609804302454	0.17592918872833252	0.1111774742603302
1512060690777	-0.2382374405860901	0.16493362188339233	0.11362093687057495
1512060690790	-0.40194934606552124	0.1612684279680252	0.09651670604944229
1512060690803	-0.36529740691185	0.19792033731937408	0.018325956538319588
1512060690816	-0.2822197377681732	0.21868975460529327	-0.03298672288656235
1512060690829	-0.2174680233001709	0.2015855312347412	-0.06475171446800232
1512060690842	-0.18936823308467865	0.16859880089759827	-0.09407325088977814
1512060690855	-0.1563815027475357	0.1722639948129654	-0.1771509200334549
1512060690868	-0.0757472887635231	0.20036379992961884	-0.26633724570274353
1512060690882	0.00855211354792118	0.22602014243602753	-0.35552358627319336
1512060690895	0.07941248267889023	0.24434609711170197	-0.4080579876899719
1512060690909	0.1514945775270462	0.27000242471694946	-0.45814892649650574
1512060690924	0.2638937830924988	0.3481931984424591	-0.5485569834709167
1512060690939	0.4349360466003418	0.4056145250797272	-0.616973876953125
1512060690954	0.44593164324760437	0.35552358627319336	-0.5693264007568359
1512060690968	0.3090978264808655	0.2223549485206604	-0.45326200127601624
1512060690982	0.21991148591041565	0.13316862285137177	-0.37751471996307373
1512060690996	0.15760323405265808	0.021991148591041565	-0.2577851414680481
1512060691010	0.15882496535778046	-0.09040805697441101	-0.16493362188339233
1512060691023	0.11484266817569733	-0.21624629199504852	-0.02076941914856434
1512060691036	-0.018325956538319588	-0.4300491213798523	0.17104226350784302
1512060691049	-0.09162978827953339	-0.5668829679489136	0.29565876722335815
1512060691063	-0.15027284622192383	-0.6902777552604675	0.42638394236564636
1512060691077	-0.12095131725072861	-0.7354817390441895	0.48258355259895325
1512060691091	-0.1368338167667389	-0.7843509912490845	0.5534439086914062
1512060691104	-0.19914206862449646	-0.8881980776786804	0.6805039048194885
1512060691117	-0.2382374405860901	-0.8845328688621521	0.6878342628479004
1512060691131	-0.2577851414680481	-0.8515461683273315	0.6682865619659424
1512060691144	-0.16982053220272064	-0.7538077235221863	0.5864306092262268
1512060691157	-0.1258382350206375	-0.685390830039978	0.5314527750015259
1512060691170	-0.042760565876960754	-0.7024950385093689	0.5326744914054871
1512060691183	0.1014036312699318	-0.6866125464439392	0.50335294008255
1512060691196	0.22479841113090515	-0.6914994716644287	0.4801400899887085
1512060691209	0.21991148591041565	-0.6633996367454529	0.46303585171699524
1512060691222	0.13805554807186127	-0.5913175344467163	0.43249258399009705
1512060691235	0.09040805697441101	-0.5461135506629944	0.40683624148368835
1512060691249	0.07452555745840073	-0.4862487316131592	0.3481931984424591
1512060691267	0.1514945775270462	-0.4080579876899719	0.2480112910270691
1512060691280	0.3628539443016052	-0.32986724376678467	0.10506882518529892
1512060691294	0.42149701714515686	-0.19058994948863983	-0.021991148591041565
1512060691307	0.31520646810531616	-0.1258382350206375	-0.039095375686883926
1512060691320	0.251676470041275	-0.14905111491680145	0.00855211354792118
1512060691333	0.0	0.0	0.0
1512060691346	-0.2590068578720093	0.0	0.02687807008624077
1512060691360	-0.2565633952617645	0.042760565876960754	-0.0012217304902151227
1512060691373	-0.2015855312347412	0.04764748737215996	-0.01466076634824276
1512060691386	-0.18081611394882202	0.06108652427792549	-0.015882495790719986
1512060691399	-0.17470745742321014	0.0757472887635231	-0.01466076634824276
1512060691413	-0.24678955972194672	0.13561208546161652	-0.00733038317412138
1512060691426	-0.4190535545349121	0.1820378452539444	0.019547687843441963
1512060691440	-0.48747047781944275	0.17837265133857727	0.039095375686883926
1512060691456	-0.39217549562454224	0.15393804013729095	0.021991148591041565
1512060691470	-0.2590068578720093	0.1563815027475357	-0.02321287989616394
1512060691483	-0.1869247704744339	0.1722639948129654	-0.04886921867728233
1512060691496	-0.039095375686883926	0.15760323405265808	-0.06475171446800232
1512060691510	0.06719517707824707	0.13072516024112701	-0.09407325088977814
1512060691523	0.1771509200334549	0.2724458873271942	-0.24556782841682434
1512060691536	0.21624629199504852	0.3481931984424591	-0.3286454975605011
1512060691549	0.24434609711170197	0.2883284091949463	-0.2981022298336029
1512060691563	0.2871066629886627	0.22113321721553802	-0.2675589919090271
1512060691576	0.30543261766433716	0.18570303916931152	-0.26145032048225403
1512060691589	0.3274237811565399	0.16859880089759827	-0.24556782841682434
1512060691603	0.3029891550540924	0.1368338167667389	-0.2064724564552307
1512060691617	0.2480112910270691	0.1160643994808197	-0.16982053220272064
1512060691631	0.16982053220272064	0.0354301854968071	-0.07941248267889023
1512060691644	0.0757472887635231	-0.16737708449363708	0.12339477986097336
1512060691657	-0.013439035043120384	-0.3090978264808655	0.26511552929878235
1512060691670	-0.08429940044879913	-0.36651915311813354	0.32986724376678467
1512060691683	-0.10751228034496307	-0.3701843321323395	0.3494149148464203
1512060691697	-0.1270599663257599	-0.3689626157283783	0.35185837745666504
1512060691710	-0.17104226350784302	-0.3604104816913605	0.34086281061172485
1512060691723	-0.19425514340400696	-0.2919935882091522	0.28466320037841797
1512060691736	-0.1722639948129654	-0.24434609711170197	0.22602014243602753
1512060691749	-0.1368338167667389	-0.22968533635139465	0.18081611394882202
1512060691765	-0.1270599663257599	-0.21624629199504852	0.14905111491680145
1512060691778	-0.0403171069920063	-0.12095131725072861	0.045204028487205505
1512060691791	0.028099801391363144	-0.00366519158706069	-0.07330382615327835
1512060691804	0.13439035415649414	0.1466076523065567	-0.33719760179519653
1512060691817	0.16982053220272064	0.2028072625398636	-0.39584067463874817
1512060691830	0.21013765037059784	0.21380282938480377	-0.41172316670417786
1512060691843	0.2125810980796814	0.2528982162475586	-0.4434881806373596
1512060691857	0.18814650177955627	0.32009339332580566	-0.4911356568336487
1512060691869	0.17470745742321014	0.3787364661693573	-0.5290092825889587
1512060691883	0.11728613078594208	0.38117989897727966	-0.5143485069274902
1512060691897	0.05497787147760391	0.32009339332580566	-0.4337143301963806
1512060691912	0.05742133408784866	0.3188716471195221	-0.42149701714515686
1512060691925	0.05253441259264946	0.4031710624694824	-0.4948008358478546
1512060691947	0.0	0.5009095072746277	-0.5729916095733643
1512060691960	-0.06475171446800232	0.48869219422340393	-0.5400048494338989
1512060691973	-0.11972958594560623	0.42638394236564636	-0.4642575979232788
1512060691987	-0.1466076523065567	0.38240164518356323	-0.4105014503002167
1512060692000	-0.2064724564552307	0.4056145250797272	-0.4105014503002167
1512060692014	-0.2565633952617645	0.4288274049758911	-0.4092797040939331
1512060692027	-0.21013765037059784	0.4899139404296875	-0.44226643443107605
1512060692040	-0.15515977144241333	0.49357911944389343	-0.4190535545349121
1512060692054	-0.11728613078594208	0.4703662395477295	-0.3799581825733185
1512060692069	-0.09529497474431992	0.4801400899887085	-0.3604104816913605
1512060692084	-0.1563815027475357	0.43249258399009705	-0.2871066629886627
1512060692097	-0.26022860407829285	0.3738495409488678	-0.2272418737411499
1512060692111	-0.2028072625398636	0.33108896017074585	-0.16371189057826996
1512060692124	-0.13805554807186127	0.22968533635139465	-0.0354301854968071
1512060692137	-0.12339477986097336	0.19058994948863983	0.05864306539297104
1512060692150	-0.07330382615327835	0.15882496535778046	0.07819075137376785
1512060692163	-0.015882495790719986	0.12828169763088226	0.08552113175392151
1512060692177	0.059864792972803116	0.1160643994808197	0.17837265133857727
1512060692190	0.10751228034496307	0.015882495790719986	0.27122417092323303
1512060692203	0.10995574295520782	-0.0806342139840126	0.3836233615875244
1512060692216	0.08185594528913498	-0.12095131725072861	0.4043927788734436
1512060692229	0.1014036312699318	-0.1111774742603302	0.4031710624694824
1512060692245	0.09285151958465576	-0.14416420459747314	0.4300491213798523
1512060692259	0.07330382615327835	-0.17959438264369965	0.48258355259895325
1512060692272	0.01710422709584236	-0.2382374405860901	0.5167919993400574
1512060692285	-0.004886921960860491	-0.2638937830924988	0.504574716091156
1512060692298	-0.006108652334660292	-0.23945917189121246	0.455705463886261
1512060692311	-0.006108652334660292	-0.2223549485206604	0.42149701714515686
1512060692324	-0.01710422709584236	-0.2272418737411499	0.39584067463874817
1512060692337	-0.025656340643763542	-0.24068090319633484	0.38728857040405273
1512060692350	-0.03420845419168472	-0.2064724564552307	0.3591887652873993
1512060692364	-0.030543262138962746	-0.15760323405265808	0.28955012559890747
1512060692377	-0.025656340643763542	-0.14538592100143433	0.26511552929878235
1512060692393	-0.045204028487205505	-0.08674286305904388	0.19792033731937408
1512060692406	-0.05009094998240471	-0.03298672288656235	0.09407325088977814
1512060692419	-0.10995574295520782	-0.05619960278272629	0.14538592100143433
1512060692432	-0.09651670604944229	-0.04398229718208313	0.11362093687057495
1512060692446	-0.13561208546161652	0.030543262138962746	0.06963863968849182
1512060692459	-0.16249015927314758	0.10018189996480942	-0.018325956538319588
1512060692473	-0.25534167885780334	0.15393804013729095	-0.05742133408784866
1512060692486	-0.2528982162475586	0.21624629199504852	-0.10995574295520782
1512060692499	-0.14905111491680145	0.24678955972194672	-0.16249015927314758
1512060692511	-0.03787364438176155	0.3286454975605011	-0.26145032048225403
1512060692524	0.024434609338641167	0.4948008358478546	-0.43737950921058655
1512060692539	0.05864306539297104	0.6304129362106323	-0.5913175344467163
1512060692553	0.07330382615327835	0.6328563690185547	-0.6218608021736145
1512060692566	0.06841690838336945	0.5754350423812866	-0.5754350423812866
1512060692579	0.08552113175392151	0.5143485069274902	-0.5546656250953674
1512060692592	0.16004669666290283	0.4862487316131592	-0.5571091175079346
1512060692605	0.34697145223617554	0.4386012554168701	-0.5448917746543884
1512060692619	0.33597588539123535	0.37629300355911255	-0.5375614166259766
1512060692632	0.2028072625398636	0.2321287989616394	-0.43249258399009705
1512060692645	0.12950342893600464	0.08918632566928864	-0.3127630054950714
1512060692658	0.1062905490398407	0.006108652334660292	-0.24923302233219147
1512060692673	0.13439035415649414	-0.09407325088977814	-0.2015855312347412
1512060692688	0.10873401165008545	-0.24190263450145721	-0.05497787147760391
1512060692701	0.06475171446800232	-0.5290092825889587	0.18325957655906677
1512060692715	-0.059864792972803116	-0.7024950385093689	0.3530801236629486
1512060692728	-0.0757472887635231	-0.6572909951210022	0.30543261766433716
1512060692742	-0.021991148591041565	-0.5314527750015259	0.20402899384498596
1512060692755	0.006108652334660292	-0.5229006409645081	0.21135938167572021
1512060692768	-0.01710422709584236	-0.4960225820541382	0.2028072625398636
1512060692781	-0.0659734457731247	-0.5558874011039734	0.2834414839744568
1512060692794	-0.03298672288656235	-0.675616979598999	0.42271876335144043
1512060692808	0.14294247329235077	-0.6279694437980652	0.3738495409488678
1512060692821	0.26145032048225403	-0.5387831330299377	0.3017674386501312
1512060692834	0.1612684279680252	-0.5387831330299377	0.34574973583221436
1512060692848	0.05009094998240471	-0.5412266254425049	0.3933972120285034
1512060692864	0.036651913076639175	-0.5204572081565857	0.38117989897727966
1512060692877	0.10506882518529892	-0.42149701714515686	0.27611109614372253
1512060692890	0.30054569244384766	-0.3933972120285034	0.21868975460529327
1512060692903	0.375071257352829	-0.3995058834552765	0.22113321721553802
1512060692917	0.22113321721553802	-0.4349360466003418	0.294437050819397
1512060692930	0.17470745742321014	-0.3982841372489929	0.28588494658470154
1512060692943	0.25045475363731384	-0.2932153046131134	0.16982053220272064
1512060692956	0.33597588539123535	-0.23579397797584534	0.09773843735456467
1512060692970	0.3481931984424591	-0.1869247704744339	0.05864306539297104
1512060692984	0.23945917189121246	-0.20525072515010834	0.09773843735456467
1512060692997	0.17348572611808777	-0.22113321721553802	0.1160643994808197
1512060693011	0.12217304855585098	-0.18570303916931152	0.10384709388017654
1512060693023	0.15027284622192383	-0.2076941877603531	0.11728613078594208
1512060693039	0.1466076523065567	-0.2028072625398636	0.12950342893600464
1512060693052	0.10995574295520782	-0.2028072625398636	0.16249015927314758
1512060693066	-0.12217304855585098	-0.22602014243602753	0.24923302233219147
1512060693079	-0.33719760179519653	-0.22846360504627228	0.30543261766433716
1512060693092	-0.33719760179519653	-0.2480112910270691	0.3176499307155609
1512060693105	-0.3078760802745819	-0.2223549485206604	0.29565876722335815
1512060693118	-0.39217549562454224	-0.24556782841682434	0.34574973583221436
1512060693131	-0.4105014503002167	-0.18570303916931152	0.30054569244384766
1512060693144	-0.3494149148464203	-0.10873401165008545	0.21013765037059784
1512060693157	-0.19792033731937408	-0.05619960278272629	0.11362093687057495
1512060693172	-0.12095131725072861	0.059864792972803116	-0.02076941914856434
1512060693185	-0.06352998316287994	0.24556782841682434	-0.2125810980796814
1512060693199	0.0024434609804302454	0.3640756905078888	-0.3445279896259308
1512060693216	0.09529497474431992	0.43127086758613586	-0.4300491213798523
1512060693231	0.2382374405860901	0.4605923891067505	-0.5009095072746277
1512060693251	0.31031954288482666	0.455705463886261	-0.504574716091156
1512060693271	0.2871066629886627	0.44837507605552673	-0.48869219422340393
1512060693291	0.23335053026676178	0.4092797040939331	-0.4434881806373596
1512060693312	0.19303341209888458	0.34086281061172485	-0.375071257352829
1512060693332	0.15027284622192383	0.26145032048225403	-0.294437050819397
1512060693351	0.13805554807186127	0.18325957655906677	-0.21013765037059784
1512060693371	0.17959438264369965	0.08918632566928864	-0.12095131725072861
1512060693391	0.07330382615327835	-0.14416420459747314	0.12950342893600464
1512060693411	-0.019547687843441963	-0.31154128909111023	0.304210901260376
1512060693432	-0.0757472887635231	-0.384845107793808	0.3738495409488678
1512060693453	-0.12217304855585098	-0.3995058834552765	0.4031710624694824
1512060693471	-0.10506882518529892	-0.3982841372489929	0.37629300355911255
1512060693491	-0.07452555745840073	-0.33719760179519653	0.3078760802745819
1512060693511	0.05864306539297104	-0.31642818450927734	0.25045475363731384
1512060693531	0.2736676335334778	-0.37140607833862305	0.22846360504627228
1512060693551	0.2480112910270691	-0.32498031854629517	0.19303341209888458
1512060693571	0.13927727937698364	-0.2773328125476837	0.17959438264369965
1512060693591	0.07452555745840073	-0.3078760802745819	0.2015855312347412
1512060693611	-0.02932153269648552	-0.24190263450145721	0.16249015927314758
1512060693633	0.0	0.0	0.0
1512060693651	0.19058994948863983	0.08429940044879913	-0.23090706765651703
1512060693672	0.2871066629886627	0.20036379992961884	-0.3701843321323395
1512060693691	0.34208452701568604	0.2773328125476837	-0.4544837474822998
1512060693711	0.2687807083129883	0.3799581825733185	-0.5204572081565857
1512060693731	0.22846360504627228	0.4043927788734436	-0.5363397002220154
1512060693751	0.1368338167667389	0.4056145250797272	-0.5204572081565857
1512060693771	0.05375614017248154	0.44104471802711487	-0.5253441333770752
1512060693791	0.06475171446800232	0.4447098970413208	-0.5167919993400574
1512060693811	0.08429940044879913	0.4544837474822998	-0.5277875661849976
1512060693831	0.10018189996480942	0.49846604466438293	-0.5668829679489136
1512060693851	0.10384709388017654	0.5241223573684692	-0.5766568183898926
1512060693871	0.059864792972803116	0.4948008358478546	-0.5314527750015259
1512060693893	-0.00366519158706069	0.4092797040939331	-0.4349360466003418
1512060693911	-0.15515977144241333	0.3995058834552765	-0.38728857040405273
1512060693931	-0.12950342893600464	0.4178318381309509	-0.3640756905078888
1512060693951	-0.06352998316287994	0.4141666293144226	-0.33597588539123535
1512060693971	-0.059864792972803116	0.4043927788734436	-0.28955012559890747
1512060693991	-0.1062905490398407	0.39584067463874817	-0.251676470041275
1512060694011	-0.25045475363731384	0.34574973583221436	-0.17837265133857727
1512060694031	-0.4056145250797272	0.3286454975605011	-0.12461651116609573
1512060694051	-0.36529740691185	0.3286454975605011	-0.09651670604944229
1512060694071	-0.2932153046131134	0.3078760802745819	-0.06108652427792549
1512060694091	-0.3066543638706207	0.2565633952617645	-0.0024434609804302454
1512060694112	-0.3885102868080139	0.22602014243602753	0.04764748737215996
1512060694131	-0.394618958234787	0.2382374405860901	0.0354301854968071
1512060694151	-0.3591887652873993	0.23335053026676178	0.025656340643763542
1512060694171	-0.3494149148464203	0.24923302233219147	0.02321287989616394
1512060694191	-0.3640756905078888	0.2223549485206604	0.05253441259264946
1512060694211	-0.3738495409488678	0.1612684279680252	0.08429940044879913
1512060694231	-0.3494149148464203	0.15027284622192383	0.09285151958465576
1512060694251	-0.2577851414680481	0.1466076523065567	0.09529497474431992
1512060694272	-0.1869247704744339	0.11239920556545258	0.11239920556545258
1512060694292	-0.16371189057826996	0.04642575979232788	0.16249015927314758
1512060694311	-0.1820378452539444	-0.02076941914856434	0.2272418737411499
1512060694331	-0.1722639948129654	-0.07819075137376785	0.27122417092323303
1512060694351	-0.15393804013729095	-0.10506882518529892	0.2871066629886627
1512060694373	-0.0012217304902151227	-0.15027284622192383	0.31642818450927734
1512060694392	0.08552113175392151	-0.19425514340400696	0.3481931984424591
1512060694411	-0.01710422709584236	-0.24678955972194672	0.3836233615875244
1512060694431	-0.05009094998240471	-0.31031954288482666	0.42760565876960754
1512060694451	-0.03298672288656235	-0.33719760179519653	0.42271876335144043
1512060694471	-0.021991148591041565	-0.3677408695220947	0.4337143301963806
1512060694491	-0.04764748737215996	-0.3738495409488678	0.42638394236564636
1512060694512	-0.05009094998240471	-0.3237585723400116	0.37140607833862305
1512060694531	-0.0659734457731247	-0.2724458873271942	0.3139847218990326
1512060694551	-0.01466076634824276	-0.19058994948863983	0.24678955972194672
1512060694571	-0.00733038317412138	-0.1258382350206375	0.1820378452539444
1512060694593	-0.07941248267889023	-0.08918632566928864	0.14905111491680145
1512060694611	-0.24068090319633484	-0.0659734457731247	0.15271630883216858
1512060694631	-0.35552358627319336	-0.0024434609804302454	0.11728613078594208
1512060694651	-0.2064724564552307	0.015882495790719986	0.07819075137376785
1512060694671	-0.1417207419872284	0.05497787147760391	0.0354301854968071
1512060694691	-0.08918632566928864	0.10262536257505417	-0.0012217304902151227
1512060694711	-0.0806342139840126	0.2321287989616394	-0.08307767659425735
1512060694731	-0.06719517707824707	0.3897320330142975	-0.24068090319633484
1512060694751	-0.0806342139840126	0.48380526900291443	-0.3494149148464203
1512060694771	-0.04398229718208313	0.5656611919403076	-0.4447098970413208
1512060694791	0.004886921960860491	0.6499606370925903	-0.5473352670669556
1512060694813	0.04886921867728233	0.7525860071182251	-0.6817256212234497
1512060694831	0.06108652427792549	0.7232644557952881	-0.6963863968849182
1512060694851	0.1368338167667389	0.607200026512146	-0.6328563690185547
1512060694871	0.33475416898727417	0.5216789245605469	-0.5925393104553223
1512060694891	0.5338962078094482	0.44226643443107605	-0.5619960427284241
1512060694912	0.4764748811721802	0.4105014503002167	-0.5668829679489136
1512060694931	0.27122417092323303	0.3017674386501312	-0.4960225820541382
1512060694951	0.06963863968849182	0.11850785464048386	-0.3481931984424591
1512060694971	0.00366519158706069	-0.018325956538319588	-0.24556782841682434
1512060694991	0.15393804013729095	-0.09162978827953339	-0.1514945775270462
1512060695011	0.20402899384498596	-0.15271630883216858	-0.11972958594560623
1512060695032	0.1368338167667389	-0.21624629199504852	-0.04153883829712868
1512060695052	-0.08307767659425735	-0.38606682419776917	0.12950342893600464
1512060695072	-0.14538592100143433	-0.5009095072746277	0.25534167885780334
1512060695092	-0.10995574295520782	-0.49846604466438293	0.251676470041275
1512060695112	-0.021991148591041565	-0.3701843321323395	0.14782938361167908
1512060695131	0.04398229718208313	-0.3396410644054413	0.1062905490398407
1512060695151	0.09651670604944229	-0.2382374405860901	0.03420845419168472
1512060695172	0.39584067463874817	-0.23945917189121246	0.012217304669320583
1512060695191	1.2046263217926025	0.04764748737215996	-0.21868975460529327
1512060695212	1.1313223838806152	0.036651913076639175	-0.19547687470912933
1512060695233	0.7831292152404785	-0.06841690838336945	-0.09285151958465576
1512060695251	0.1820378452539444	-0.5155702829360962	0.34574973583221436
1512060695271	0.08918632566928864	-0.608421802520752	0.46303585171699524
1512060695291	0.0354301854968071	-0.7110471725463867	0.588874101638794
1512060695311	-0.09162978827953339	-0.8747590184211731	0.7672467231750488
1512060695331	-0.6475171446800232	-1.1398745775222778	1.1068878173828125
1512060695351	-1.254717230796814	-1.3720033168792725	1.5161675214767456
1512060695372	-1.291369080543518	-1.4428637027740479	1.6847662925720215
1512060695391	-1.205847978591919	-1.4917329549789429	1.7751743793487549
1512060695412	-1.0531316995620728	-1.4330898523330688	1.7189748287200928
1512060695431	-1.0115928649902344	-1.3084733486175537	1.653001308441162
1512060695451	-1.0506882667541504	-1.0311405658721924	1.4929546117782593
1512060695471	-0.9908234477043152	-0.7757988572120667	1.292590856552124
1512060695491	-0.7098253965377808	-0.5668829679489136	1.0005972385406494
1512060695511	-0.40683624148368835	-0.42638394236564636	0.7281513810157776
1512060695531	0.07696902006864548	-0.40683624148368835	0.4447098970413208
1512060695552	0.3225368559360504	-0.37629300355911255	0.28099802136421204
1512060695571	0.4447098970413208	-0.10384709388017654	-0.012217304669320583
1512060695591	0.5876523852348328	0.2431243658065796	-0.37140607833862305
1512060695612	0.6719517707824707	0.5461135506629944	-0.6548475623130798
1512060695631	0.6902777552604675	0.7611380815505981	-0.8356636762619019
1512060695651	0.6719517707824707	0.8894197940826416	-0.940732479095459
1512060695672	0.6010913848876953	0.9065240025520325	-0.9382890462875366
1512060695691	0.46547931432724	0.8845328688621521	-0.8894197940826416
1512060695711	0.294437050819397	0.8649851679801941	-0.8197811841964722
1512060695732	0.1563815027475357	0.7660250067710876	-0.6914994716644287
1512060695751	0.06230825558304787	0.7086036801338196	-0.6059783101081848
1512060695772	0.03298672288656235	0.6768386960029602	-0.5522221922874451
1512060695792	0.045204028487205505	0.6401867866516113	-0.504574716091156
1512060695812	0.04886921867728233	0.5754350423812866	-0.43615779280662537
1512060695832	0.042760565876960754	0.5387831330299377	-0.375071257352829
1512060695852	-0.0757472887635231	0.4764748811721802	-0.2919935882091522
1512060695871	-0.3066543638706207	0.4251621961593628	-0.1918116807937622
1512060695892	-0.4789183437824249	0.375071257352829	-0.10018189996480942
1512060695911	-0.4996877610683441	0.3445279896259308	-0.02932153269648552
1512060695932	-0.47769662737846375	0.32986724376678467	0.024434609338641167
1512060695951	-0.5241223573684692	0.3995058834552765	0.03420845419168472
1512060695972	-0.646295428276062	0.44715335965156555	0.06475171446800232
1512060695991	-0.7733554244041443	0.4960225820541382	0.09407325088977814
1512060696012	-0.9224064946174622	0.5363397002220154	0.12828169763088226
1512060696031	-1.0958921909332275	0.6010913848876953	0.1612684279680252
1512060696052	-1.2107349634170532	0.6377432942390442	0.18814650177955627
1512060696071	-1.264491081237793	0.6768386960029602	0.21135938167572021
1512060696091	-1.2962560653686523	0.7244861721992493	0.22846360504627228
1512060696112	-1.3927727937698364	0.8161159753799438	0.23457226157188416
1512060696134	-1.4953981637954712	0.9346238374710083	0.18448130786418915
1512060696154	-1.598023533821106	1.0714576244354248	0.12217304855585098
1512060696174	-1.7018705606460571	1.1264355182647705	0.07819075137376785
1512060696191	-1.7409659624099731	1.0922271013259888	0.059864792972803116
1512060696212	-1.7373007535934448	1.0995573997497559	0.042760565876960754
1512060696232	-1.7055357694625854	1.1337659358978271	0.01710422709584236
1512060696252	-1.6627751588821411	1.1239920854568481	0.004886921960860491
1512060696272	-1.5968017578125	1.0946705341339111	0.006108652334660292
1512060696292	-1.5564846992492676	1.0751228332519531	0.010995574295520782
1512060696311	-1.5650367736816406	1.1007791757583618	0.00855211354792118
1512060696332	-1.6212363243103027	1.1508700847625732	0.00855211354792118
1512060696352	-1.6896532773971558	1.1227703094482422	0.018325956538319588
1512060696371	-1.7556266784667969	1.0323622226715088	0.036651913076639175
1512060696392	-1.86191725730896	0.9456194043159485	0.06352998316287994
1512060696411	-1.9230037927627563	0.9065240025520325	0.08429940044879913
1512060696431	-1.9156733751296997	0.9126327037811279	0.11850785464048386
1512060696451	-1.8765780925750732	0.93095862865448	0.1514945775270462
1512060696471	-1.7861700057983398	0.9065240025520325	0.18936823308467865
1512060696491	-1.6969836950302124	0.8723155856132507	0.2272418737411499
1512060696511	-1.635897159576416	0.856433093547821	0.25534167885780334
1512060696531	-1.585806131362915	0.8503243923187256	0.27488934993743896
1512060696551	-1.4868459701538086	0.8478809595108032	0.27122417092323303
1512060696571	-1.3329079151153564	0.7929030656814575	0.27611109614372253
1512060696591	-1.1716395616531372	0.7012733221054077	0.3139847218990326
1512060696612	-0.9859365224838257	0.5974262356758118	0.34208452701568604
1512060696631	-0.8185594081878662	0.5229006409645081	0.3591887652873993
1512060696651	-0.6585127115249634	0.45814892649650574	0.3677408695220947
1512060696671	-0.5155702829360962	0.4447098970413208	0.39217549562454224
1512060696691	-0.4092797040939331	0.4202753007411957	0.3982841372489929
1512060696711	-0.34697145223617554	0.3176499307155609	0.4349360466003418
1512060696731	-0.3323107063770294	0.27000242471694946	0.4495968222618103
1512060696751	-0.3274237811565399	0.10506882518529892	0.4544837474822998
1512060696771	-0.19792033731937408	-0.04642575979232788	0.47280970215797424
1512060696791	-0.004886921960860491	-0.11728613078594208	0.4764748811721802
1512060696811	0.12461651116609573	-0.12461651116609573	0.44837507605552673
1512060696832	0.1417207419872284	-0.08185594528913498	0.3738495409488678
1512060696851	0.11728613078594208	0.06963863968849182	0.375071257352829
1512060696871	0.08185594528913498	0.2577851414680481	0.3335324227809906
1512060696891	0.039095375686883926	0.21624629199504852	0.2822197377681732
1512060696911	-0.11484266817569733	0.07696902006864548	0.24556782841682434
1512060696931	-0.32498031854629517	0.02932153269648552	0.1661553531885147
1512060696951	-0.45814892649650574	0.012217304669320583	0.1062905490398407
1512060696971	-0.45204028487205505	0.021991148591041565	0.0659734457731247
1512060696991	-0.5021312236785889	0.06841690838336945	0.04642575979232788
1512060697011	-0.598647952079773	0.10384709388017654	0.0354301854968071
1512060697033	-0.6597344875335693	0.11850785464048386	0.028099801391363144
1512060697052	-0.7122688889503479	0.11728613078594208	0.04398229718208313
1512060697072	-0.7305948138237	0.10018189996480942	0.05619960278272629
1512060697095	-0.7147123217582703	0.06719517707824707	0.06719517707824707
1512060697127	-0.6377432942390442	0.028099801391363144	0.06352998316287994
1512060697152	-0.5607742667198181	0.012217304669320583	0.0659734457731247
1512060697169	-0.4544837474822998	0.012217304669320583	0.05375614017248154
1512060697183	-0.3591887652873993	0.09529497474431992	0.05253441259264946
1512060697198	-0.29565876722335815	0.22357667982578278	0.05375614017248154
1512060697212	-0.23090706765651703	0.2993239760398865	0.06475171446800232
1512060697231	-0.16737708449363708	0.36529740691185	0.06963863968849182
1512060697252	-0.12095131725072861	0.34086281061172485	0.06352998316287994
1512060697272	-0.06963863968849182	0.3286454975605011	0.0659734457731247
1512060697292	-0.019547687843441963	0.2675589919090271	0.03787364438176155
1512060697311	-0.045204028487205505	0.21624629199504852	-0.019547687843441963
1512060697331	-0.07941248267889023	0.2125810980796814	-0.06108652427792549
1512060697352	-0.06719517707824707	0.18081611394882202	-0.07696902006864548
1512060697372	-0.05253441259264946	0.15760323405265808	-0.051312681287527084
1512060697391	-0.045204028487205505	0.14294247329235077	-0.0403171069920063
1512060697411	-0.02687807008624077	0.14905111491680145	-0.03420845419168472
