Trial:	Sub01ShoulderFly_accelerometer_t1.txt
Phone/Tablet Model:	HUAWEI BLN-L24
Sensor Information
Name:	STMicroelectronics accelerometer-lis3dh
Maximum Range:	78.4532m/s²
Resolution:	0.009576807m/s²

Generated by SensorData, Version1.5.2
Author: Vipul Lugade
Email: SensorDataHelp@gmail.com
Website: www.matlabgeeks.com

Time	X	Y	Z
1512060225695	0.4213795065879822	3.064578056335449	8.580819129943848
1512060225715	0.49799394607543945	3.141192674636841	8.580819129943848
1512060225735	0.6129156351089478	3.3710360527038574	8.465897560119629
1512060225768	0.7661445140838623	3.2561142444610596	8.236053466796875
1512060225788	1.0342950820922852	3.179499864578247	8.044517517089844
1512060225803	1.0342950820922852	3.141192674636841	7.469909191131592
1512060225818	0.7661445140838623	3.2561142444610596	7.891288757324219
1512060225844	0.689530074596405	3.332728862762451	8.65743350982666
1512060225869	0.8044517636299133	3.5242648124694824	8.65743350982666
1512060225893	0.6129156351089478	3.4093432426452637	7.8529815673828125
1512060225939	0.4213795065879822	3.5242648124694824	6.742072105407715
1512060225957	-1.5322890281677246	4.711789131164551	8.504204750061035
1512060225973	-3.485957622528076	5.439626216888428	11.03248119354248
1512060225987	-0.3447650372982025	3.6391866207122803	11.1474027633667
1512060226003	2.7964274883270264	1.5322890281677246	9.53849983215332
1512060226017	3.3710360527038574	1.37906014919281	8.887276649475098
1512060226031	0.9959878921508789	3.5242648124694824	6.89530086517334
1512060226063	0.689530074596405	4.405331134796143	4.596867084503174
1512060226078	0.3064578175544739	4.711789131164551	3.7924153804779053
1512060226092	0.2298433631658554	3.8307228088378906	4.9799394607543945
1512060226106	0.4213795065879822	3.141192674636841	7.393294811248779
1512060226123	2.183511972427368	2.298433542251587	9.653421401977539
1512060226144	3.5242648124694824	1.9153614044189453	10.5344877243042
1512060226159	3.44765043258667	2.298433542251587	10.687716484069824
1512060226175	3.2178070545196533	2.2601263523101807	9.959878921508789
1512060226195	3.179499864578247	2.4133553504943848	9.117119789123535
1512060226215	3.1028854846954346	2.719813108444214	8.274360656738281
1512060226235	2.9879636764526367	2.604891538619995	7.508216381072998
1512060226255	2.6815059185028076	2.75812029838562	6.588842868804932
1512060226275	2.1068975925445557	2.719813108444214	6.89530086517334
1512060226295	2.0685901641845703	2.3367409706115723	7.163451671600342
1512060226315	2.5665841102600098	2.145204782485962	6.665457725524902
1512060226335	3.026270866394043	2.3367409706115723	6.512228488922119
1512060226355	3.2561142444610596	2.183511972427368	6.512228488922119
1512060226375	3.5625722408294678	1.8770540952682495	6.129156112670898
1512060226395	3.3710360527038574	1.7621324062347412	5.477933406829834
1512060226415	3.7924153804779053	2.2218191623687744	4.6734819412231445
1512060226435	5.171475887298584	2.451662540435791	3.5242648124694824
1512060226455	7.316680431365967	2.3750481605529785	1.7621324062347412
1512060226475	7.469909191131592	2.2218191623687744	1.6089035272598267
1512060226495	6.052541732788086	2.2601263523101807	1.1109095811843872
1512060226515	6.320692539215088	2.3750481605529785	0.1149216815829277
1512060226535	8.65743350982666	2.2601263523101807	-0.8810662031173706
1512060226555	10.381258964538574	1.8387469053268433	-1.5705963373184204
1512060226575	9.691728591918945	1.6855180263519287	-1.800439715385437
1512060226595	8.006210327148438	1.6089035272598267	-1.723825216293335
1512060226615	7.354987621307373	1.1875240802764893	-2.1068975925445557
1512060226635	8.772355079650879	0.5363011956214905	-2.3367409706115723
1512060226655	10.611102104187012	0.07661445438861847	-2.8347349166870117
1512060226675	10.879252433776855	-0.4596867263317108	-2.8347349166870117
1512060226695	10.457873344421387	-0.7661445140838623	-2.873042106628418
1512060226715	10.764330863952637	-1.1492167711257935	-3.2561142444610596
1512060226735	11.377246856689453	-1.1109095811843872	-3.141192674636841
1512060226755	12.526463508605957	-1.455674648284912	-3.6391866207122803
1512060226779	13.10107135772705	-1.7621324062347412	-4.060565948486328
1512060226800	12.871228218078613	-1.647210717201233	-4.405331134796143
1512060226819	12.411541938781738	-1.5322890281677246	-4.520252704620361
1512060226835	11.875240325927734	-1.455674648284912	-4.367023944854736
1512060226855	11.72201156616211	-1.6855180263519287	-4.098873138427734
1512060226875	12.02846908569336	-1.723825216293335	-4.098873138427734
1512060226895	12.411541938781738	-1.647210717201233	-4.596867084503174
1512060226915	12.143390655517578	-1.647210717201233	-5.20978307723999
1512060226935	10.496180534362793	-1.9919757843017578	-5.746084213256836
1512060226955	9.653421401977539	-1.9536685943603516	-5.975927352905273
1512060226975	9.308655738830566	-2.2218191623687744	-6.512228488922119
1512060226995	9.423578262329102	-2.3750481605529785	-7.469909191131592
1512060227015	9.002198219299316	-2.2601263523101807	-8.619126319885254
1512060227035	8.274360656738281	-2.2218191623687744	-8.96389102935791
1512060227055	8.65743350982666	-2.6431987285614014	-8.580819129943848
1512060227075	9.193734169006348	-2.7964274883270264	-8.772355079650879
1512060227095	9.423578262329102	-2.6815059185028076	-10.113107681274414
1512060227115	9.346963882446289	-2.6815059185028076	-11.798625946044922
1512060227135	9.117119789123535	-2.9496564865112305	-12.29662036895752
1512060227155	9.385271072387695	-3.332728862762451	-12.717999458312988
1512060227175	9.308655738830566	-3.7158010005950928	-13.292608261108398
1512060227195	9.117119789123535	-3.600879430770874	-13.867216110229492
1512060227216	9.385271072387695	-3.7924153804779053	-14.211980819702148
1512060227237	9.308655738830566	-3.7924153804779053	-13.713987350463867
1512060227271	9.346963882446289	-4.175487995147705	-13.139378547668457
1512060227290	9.576807022094727	-4.098873138427734	-12.526463508605957
1512060227306	9.730035781860352	-3.754108190536499	-11.60708999633789
1512060227321	9.615114212036133	-3.485957622528076	-10.5344877243042
1512060227351	9.806650161743164	-3.5242648124694824	-10.649409294128418
1512060227366	10.074800491333008	-3.332728862762451	-11.1474027633667
1512060227381	9.959878921508789	-2.873042106628418	-9.998186111450195
1512060227395	10.381258964538574	-3.026270866394043	-8.389283180236816
1512060227415	9.615114212036133	-2.6431987285614014	-8.197746276855469
1512060227454	7.891288757324219	-1.8770540952682495	-8.925583839416504
1512060227469	6.627150535583496	-1.5322890281677246	-8.695740699768066
1512060227483	5.5545477867126465	-1.5322890281677246	-8.504204750061035
1512060227498	4.290409564971924	-1.9536685943603516	-10.189722061157227
1512060227531	3.485957622528076	-2.145204782485962	-11.875240325927734
1512060227549	3.7924153804779053	-1.1109095811843872	-9.232041358947754
1512060227578	6.01423454284668	-1.3024457693099976	-3.141192674636841
1512060227599	6.780379295349121	-1.800439715385437	1.6089035272598267
1512060227621	4.213795185089111	-1.072602391242981	3.8307228088378906
1512060227649	1.4173674583435059	0.2298433631658554	4.137180328369141
1512060227681	0.689530074596405	0.9576807022094727	2.3367409706115723
1512060227701	0.26815059781074524	1.2258312702178955	0.038307227194309235
1512060227718	-1.2258312702178955	1.647210717201233	-1.9919757843017578
1512060227742	-2.4133553504943848	1.9536685943603516	-3.179499864578247
1512060227759	-2.911349296569824	2.030282974243164	-3.2178070545196533
1512060227781	-2.6431987285614014	2.3367409706115723	-2.6431987285614014
1512060227800	-2.0685901641845703	2.5282769203186035	-2.75812029838562
1512060227817	-2.183511972427368	2.873042106628418	-3.4093432426452637
1512060227844	-2.6431987285614014	2.7964274883270264	-3.869029998779297
1512060227861	-2.451662540435791	2.7964274883270264	-4.060565948486328
1512060227878	-1.4939818382263184	2.5282769203186035	-4.175487995147705
1512060227897	-0.9193734526634216	2.5282769203186035	-5.4013190269470215
1512060227916	-1.0342950820922852	2.5665841102600098	-7.354987621307373
1512060227933	-1.5322890281677246	2.8347349166870117	-7.967903137207031
1512060227949	-1.3024457693099976	3.064578056335449	-7.508216381072998
1512060227970	-0.727837324142456	2.9879636764526367	-7.240066051483154
1512060227988	-0.8810662031173706	2.75812029838562	-6.818686485290527
1512060228005	-0.49799394607543945	2.604891538619995	-5.746084213256836
1512060228023	0.19153612852096558	2.5665841102600098	-5.363011837005615
1512060228045	0.5746083855628967	2.451662540435791	-5.975927352905273
1512060228068	0.689530074596405	2.5282769203186035	-6.933608055114746
1512060228085	0.9193734526634216	2.5665841102600098	-7.469909191131592
1512060228110	1.37906014919281	2.6431987285614014	-7.4316020011901855
1512060228129	2.451662540435791	2.2601263523101807	-7.967903137207031
1512060228150	3.1028854846954346	1.723825216293335	-9.423578262329102
1512060228168	2.145204782485962	2.298433542251587	-9.806650161743164
1512060228185	1.800439715385437	3.1028854846954346	-9.500192642211914
1512060228203	3.294421434402466	2.911349296569824	-9.691728591918945
1512060228217	4.596867084503174	2.451662540435791	-10.228029251098633
1512060228231	4.558559894561768	2.5665841102600098	-9.653421401977539
1512060228246	4.788403511047363	2.9879636764526367	-7.508216381072998
1512060228264	6.052541732788086	2.604891538619995	-7.048529624938965
1512060228279	6.473921298980713	1.9536685943603516	-7.929595947265625
1512060228295	5.631162166595459	2.5282769203186035	-5.669469833374023
1512060228315	7.240066051483154	2.2601263523101807	-4.750096321105957
1512060228335	8.96389102935791	1.5705963373184204	-5.784391403198242
1512060228355	9.155426979064941	0.727837324142456	-7.8529815673828125
1512060228375	7.738059997558594	1.3024457693099976	-9.768342971801758
1512060228395	8.465897560119629	1.9919757843017578	-8.810662269592285
1512060228415	9.576807022094727	1.1492167711257935	-7.546523571014404
1512060228435	8.35097599029541	1.647210717201233	-7.393294811248779
1512060228455	8.197746276855469	1.9153614044189453	-8.121131896972656
1512060228475	9.500192642211914	1.6089035272598267	-7.354987621307373
1512060228495	10.189722061157227	1.3407529592514038	-5.746084213256836
1512060228515	10.611102104187012	1.455674648284912	-6.588842868804932
1512060228535	10.342951774597168	1.9536685943603516	-9.385271072387695
1512060228555	10.113107681274414	2.4133553504943848	-10.304644584655762
1512060228575	10.496180534362793	1.7621324062347412	-8.159439086914062
1512060228595	11.30063247680664	0.9193734526634216	-4.788403511047363
1512060228615	10.802638053894043	1.1109095811843872	-5.477933406829834
1512060228636	9.921571731567383	1.4173674583435059	-8.197746276855469
1512060228658	9.615114212036133	1.4173674583435059	-8.810662269592285
1512060228675	9.84495735168457	0.8810662031173706	-7.7763671875
1512060228695	10.802638053894043	0.9193734526634216	-6.320692539215088
1512060228715	11.683704376220703	1.3024457693099976	-5.20978307723999
1512060228735	11.60708999633789	1.6089035272598267	-5.669469833374023
1512060228755	10.879252433776855	1.455674648284912	-4.8267107009887695
1512060228775	10.074800491333008	0.8810662031173706	-3.5625722408294678
1512060228795	9.500192642211914	0.727837324142456	-2.4133553504943848
1512060228815	9.576807022094727	0.4596867263317108	-1.2641384601593018
1512060228835	9.84495735168457	0.49799394607543945	-0.3064578175544739
1512060228855	10.228029251098633	0.5363011956214905	-0.5363011956214905
1512060228875	9.883264541625977	0.8427590131759644	-0.8427590131759644
1512060228895	9.998186111450195	1.1492167711257935	-0.15322890877723694
1512060228915	9.998186111450195	1.1875240802764893	-0.5746083855628967
1512060228935	9.500192642211914	1.2258312702178955	-1.4939818382263184
1512060228955	8.580819129943848	1.4173674583435059	-1.800439715385437
1512060228975	8.389283180236816	1.5705963373184204	-1.5322890281677246
1512060228996	8.925583839416504	1.3024457693099976	-1.1875240802764893
1512060229015	9.002198219299316	1.4173674583435059	-0.7661445140838623
1512060229035	8.65743350982666	1.6855180263519287	-0.689530074596405
1512060229055	8.695740699768066	1.8387469053268433	-0.5746083855628967
1512060229075	8.887276649475098	1.7621324062347412	0.038307227194309235
1512060229095	9.002198219299316	1.7621324062347412	0.49799394607543945
1512060229115	9.193734169006348	1.7621324062347412	0.4596867263317108
1512060229135	8.96389102935791	1.8387469053268433	0.3064578175544739
1512060229155	8.848969459533691	1.9153614044189453	0.0
1512060229175	8.810662269592285	2.0685901641845703	-0.3447650372982025
1512060229196	8.65743350982666	1.9536685943603516	0.4596867263317108
1512060229215	8.542511940002441	1.647210717201233	0.9193734526634216
1512060229235	8.619126319885254	1.1875240802764893	0.9193734526634216
1512060229263	8.619126319885254	0.8810662031173706	0.49799394607543945
1512060229278	8.65743350982666	0.8044517636299133	-0.15322890877723694
1512060229295	8.772355079650879	0.727837324142456	-0.5363011956214905
1512060229315	8.810662269592285	0.6129156351089478	-0.38307225704193115
1512060229335	9.040505409240723	0.38307225704193115	-0.5363011956214905
1512060229355	9.193734169006348	0.3447650372982025	-1.2258312702178955
1512060229375	9.500192642211914	0.3447650372982025	-1.9153614044189453
1512060229395	9.998186111450195	0.3447650372982025	-1.9919757843017578
1512060229415	10.189722061157227	0.2298433631658554	-2.145204782485962
1512060229435	10.342951774597168	0.49799394607543945	-2.6815059185028076
1512060229455	11.224017143249512	0.8810662031173706	-3.141192674636841
1512060229475	11.91354751586914	0.8044517636299133	-3.332728862762451
1512060229495	11.836933135986328	0.8427590131759644	-2.719813108444214
1512060229516	11.798625946044922	0.689530074596405	-1.8770540952682495
1512060229535	12.258312225341797	0.6129156351089478	-1.5322890281677246
1512060229555	12.449849128723145	0.689530074596405	-2.75812029838562
1512060229575	11.530475616455078	0.8810662031173706	-5.018246650695801
1512060229595	10.802638053894043	1.0342950820922852	-5.746084213256836
1512060229615	11.262324333190918	0.9576807022094727	-5.018246650695801
1512060229635	11.645397186279297	0.8427590131759644	-5.439626216888428
1512060229655	11.453861236572266	0.8044517636299133	-7.508216381072998
1512060229675	11.72201156616211	0.8810662031173706	-7.240066051483154
1512060229695	12.258312225341797	0.727837324142456	-6.89530086517334
1512060229716	12.258312225341797	0.6512228846549988	-7.5848307609558105
1512060229735	12.066776275634766	0.8044517636299133	-7.546523571014404
1512060229755	12.373234748840332	0.5746083855628967	-6.856993675231934
1512060229775	12.48815631866455	0.727837324142456	-6.3973069190979
1512060229795	12.7946138381958	0.727837324142456	-7.240066051483154
1512060229815	12.181697845458984	0.8810662031173706	-8.159439086914062
1512060229835	11.492168426513672	1.1109095811843872	-8.35097599029541
1512060229855	11.41555404663086	1.072602391242981	-7.623138427734375
1512060229875	11.338939666748047	1.1109095811843872	-6.742072105407715
1512060229895	11.377246856689453	0.8810662031173706	-7.354987621307373
1512060229916	10.917559623718262	1.37906014919281	-7.8529815673828125
1512060229935	10.113107681274414	1.4939818382263184	-8.236053466796875
1512060229956	9.615114212036133	1.2641384601593018	-7.5848307609558105
1512060229975	9.53849983215332	0.8810662031173706	-6.129156112670898
1512060229995	9.500192642211914	0.5363011956214905	-5.2480902671813965
1512060230015	8.580819129943848	0.689530074596405	-5.70777702331543
1512060230035	7.469909191131592	0.727837324142456	-6.358999729156494
1512060230055	6.627150535583496	0.6512228846549988	-6.3973069190979
1512060230075	5.592854976654053	0.7661445140838623	-5.4013190269470215
1512060230095	4.32871675491333	1.455674648284912	-4.290409564971924
1512060230115	3.2178070545196533	1.800439715385437	-4.098873138427734
1512060230135	2.4899697303771973	1.800439715385437	-4.060565948486328
1512060230155	1.6089035272598267	1.9919757843017578	-4.367023944854736
1512060230175	0.8810662031173706	2.6431987285614014	-3.6774938106536865
1512060230195	0.727837324142456	3.026270866394043	-2.4133553504943848
1512060230215	0.6512228846549988	2.9496564865112305	-1.1875240802764893
1512060230235	0.9576807022094727	3.2561142444610596	-1.3024457693099976
1512060230255	1.0342950820922852	3.6391866207122803	-2.5282769203186035
1512060230276	0.727837324142456	4.098873138427734	-3.6774938106536865
1512060230295	0.49799394607543945	4.252102375030518	-4.252102375030518
1512060230315	0.26815059781074524	4.137180328369141	-4.711789131164551
1512060230335	0.0	4.252102375030518	-5.094861030578613
1512060230355	-0.3447650372982025	4.405331134796143	-5.51624059677124
1512060230375	-0.689530074596405	4.443638324737549	-6.282385349273682
1512060230395	-1.1109095811843872	4.6734819412231445	-5.5545477867126465
1512060230415	-0.727837324142456	4.290409564971924	-4.022258758544922
1512060230435	-0.15322890877723694	4.213795185089111	-2.873042106628418
1512060230455	0.0	4.443638324737549	-2.604891538619995
1512060230475	0.3064578175544739	4.520252704620361	-2.9879636764526367
1512060230495	0.727837324142456	4.175487995147705	-2.3750481605529785
1512060230515	1.37906014919281	3.8307228088378906	-1.8770540952682495
1512060230535	1.8770540952682495	3.907337188720703	-2.4899697303771973
1512060230555	2.183511972427368	4.290409564971924	-4.8267107009887695
1512060230575	2.0685901641845703	4.137180328369141	-6.129156112670898
1512060230596	2.7964274883270264	4.022258758544922	-5.324704647064209
1512060230615	3.4093432426452637	3.7158010005950928	-6.818686485290527
1512060230635	2.75812029838562	3.5625722408294678	-9.423578262329102
1512060230655	2.719813108444214	3.869029998779297	-8.044517517089844
1512060230675	4.252102375030518	3.6391866207122803	-5.2480902671813965
1512060230695	6.090848922729492	3.294421434402466	-4.405331134796143
1512060230732	5.477933406829834	3.179499864578247	-7.5848307609558105
1512060230748	4.060565948486328	3.2178070545196533	-10.036493301391602
1512060230778	4.8267107009887695	3.141192674636841	-7.201758861541748
1512060230805	6.588842868804932	2.6431987285614014	-3.5625722408294678
1512060230833	7.4316020011901855	2.298433542251587	-2.719813108444214
1512060230864	6.89530086517334	1.4173674583435059	-7.163451671600342
1512060230883	6.550535678863525	1.5322890281677246	-9.002198219299316
1512060230906	7.201758861541748	2.3750481605529785	-4.63517427444458
1512060230925	9.653421401977539	2.4899697303771973	-0.9576807022094727
1512060230944	10.342951774597168	1.7621324062347412	-4.481945514678955
1512060230959	9.615114212036133	1.1109095811843872	-9.691728591918945
1512060230973	9.423578262329102	1.3024457693099976	-9.691728591918945
1512060230987	11.224017143249512	2.6815059185028076	-5.20978307723999
1512060231001	13.79060173034668	3.4093432426452637	-3.5625722408294678
1512060231016	12.947842597961426	2.4899697303771973	-7.891288757324219
1512060231033	9.27034854888916	2.183511972427368	-9.615114212036133
1512060231048	9.998186111450195	2.3750481605529785	-5.286397457122803
1512060231063	12.105083465576172	2.6431987285614014	-1.2641384601593018
1512060231078	13.943830490112305	1.5705963373184204	-0.07661445438861847
1512060231095	13.599065780639648	1.6089035272598267	-2.183511972427368
1512060231115	12.756306648254395	2.183511972427368	-4.711789131164551
1512060231135	12.22000503540039	3.1028854846954346	-6.3973069190979
1512060231155	12.066776275634766	3.294421434402466	-6.703764915466309
1512060231175	11.951854705810547	2.75812029838562	-4.022258758544922
1512060231195	11.30063247680664	2.183511972427368	-0.8810662031173706
1512060231215	11.070788383483887	1.800439715385437	0.26815059781074524
1512060231235	11.530475616455078	1.6855180263519287	-0.6129156351089478
1512060231255	12.947842597961426	2.2218191623687744	-1.5322890281677246
1512060231275	14.633360862731934	2.5282769203186035	-2.604891538619995
1512060231295	14.36521053314209	2.298433542251587	-4.788403511047363
1512060231315	11.875240325927734	2.75812029838562	-5.822698593139648
1512060231335	10.113107681274414	2.873042106628418	-5.363011837005615
1512060231355	9.768342971801758	2.6431987285614014	-3.9456443786621094
1512060231375	9.615114212036133	2.298433542251587	-2.604891538619995
1512060231395	9.308655738830566	1.9919757843017578	-1.455674648284912
1512060231415	8.96389102935791	1.8387469053268433	-0.6129156351089478
1512060231435	8.96389102935791	1.723825216293335	-0.5746083855628967
1512060231455	8.96389102935791	2.145204782485962	-0.6512228846549988
1512060231475	8.465897560119629	1.8387469053268433	-0.07661445438861847
1512060231496	8.236053466796875	1.647210717201233	0.49799394607543945
1512060231515	8.121131896972656	1.6855180263519287	0.38307225704193115
1512060231535	7.891288757324219	1.6855180263519287	0.1149216815829277
1512060231555	7.738059997558594	1.800439715385437	-0.15322890877723694
1512060231575	8.159439086914062	1.800439715385437	-0.15322890877723694
1512060231595	8.389283180236816	1.6089035272598267	-0.3064578175544739
1512060231615	8.465897560119629	1.3407529592514038	0.19153612852096558
1512060231635	8.274360656738281	1.2258312702178955	0.8810662031173706
1512060231655	7.929595947265625	1.1492167711257935	1.1109095811843872
1512060231675	7.814674377441406	1.1875240802764893	0.6512228846549988
1512060231695	7.7763671875	1.0342950820922852	0.038307227194309235
1512060231715	7.891288757324219	0.8810662031173706	-0.26815059781074524
1512060231735	8.006210327148438	0.7661445140838623	-0.3064578175544739
1512060231755	8.389283180236816	0.6129156351089478	-0.3447650372982025
1512060231775	9.232041358947754	0.689530074596405	-0.5363011956214905
1512060231795	9.346963882446289	0.689530074596405	-1.6089035272598267
1512060231816	9.423578262329102	0.727837324142456	-2.75812029838562
1512060231835	9.806650161743164	0.8427590131759644	-3.2561142444610596
1512060231855	11.070788383483887	0.8427590131759644	-4.022258758544922
1512060231875	12.258312225341797	1.072602391242981	-5.861005783081055
1512060231895	12.373234748840332	1.3407529592514038	-6.89530086517334
1512060231915	12.181697845458984	1.5322890281677246	-6.512228488922119
1512060231935	13.445837020874023	1.1875240802764893	-5.899312973022461
1512060231955	14.020444869995117	1.072602391242981	-6.205770969390869
1512060231975	14.480132102966309	1.0342950820922852	-6.89530086517334
1512060231995	14.595053672790527	1.0342950820922852	-7.546523571014404
1512060232017	14.901511192321777	1.1109095811843872	-7.661445617675781
1512060232037	15.054739952087402	1.2258312702178955	-7.661445617675781
1512060232055	15.131354331970215	1.0342950820922852	-7.393294811248779
1512060232075	15.24627685546875	0.689530074596405	-6.627150535583496
1512060232095	15.169661521911621	0.49799394607543945	-5.861005783081055
1512060232115	14.67166805267334	0.9193734526634216	-5.70777702331543
1512060232135	14.058752059936523	1.0342950820922852	-6.205770969390869
1512060232155	13.752294540405273	1.0342950820922852	-6.3973069190979
1512060232175	13.599065780639648	0.9193734526634216	-6.129156112670898
1512060232195	13.139378547668457	1.1109095811843872	-6.167463779449463
1512060232215	12.832921028137207	1.1875240802764893	-6.780379295349121
1512060232235	12.105083465576172	1.1492167711257935	-7.4316020011901855
1512060232255	10.84094524383545	1.1875240802764893	-6.627150535583496
1512060232275	10.113107681274414	0.9576807022094727	-4.941632270812988
1512060232295	10.228029251098633	0.7661445140838623	-3.9839515686035156
1512060232315	9.730035781860352	1.455674648284912	-2.911349296569824
1512060232335	8.772355079650879	1.9536685943603516	-2.6431987285614014
1512060232355	8.08282470703125	2.1068975925445557	-3.332728862762451
1512060232375	7.546523571014404	2.451662540435791	-3.7924153804779053
1512060232395	6.129156112670898	3.179499864578247	-3.869029998779297
1512060232415	5.592854976654053	3.141192674636841	-3.7924153804779053
1512060232435	4.865017890930176	3.2178070545196533	-3.179499864578247
1512060232456	4.290409564971924	3.179499864578247	-3.485957622528076
1512060232475	3.064578056335449	3.3710360527038574	-4.941632270812988
1512060232495	1.9153614044189453	3.6391866207122803	-5.975927352905273
1512060232515	1.072602391242981	3.600879430770874	-5.018246650695801
1512060232535	0.9193734526634216	3.179499864578247	-3.026270866394043
1512060232555	0.6512228846549988	3.026270866394043	-1.647210717201233
1512060232575	0.2298433631658554	3.141192674636841	-1.5322890281677246
1512060232595	-0.6129156351089478	3.2561142444610596	-1.800439715385437
1512060232615	-1.6089035272598267	3.3710360527038574	-2.1068975925445557
1512060232635	-1.5705963373184204	3.6774938106536865	-1.9153614044189453
1512060232655	-1.1492167711257935	4.060565948486328	-2.183511972427368
1512060232675	-1.3407529592514038	4.63517427444458	-3.3710360527038574
1512060232695	-1.1875240802764893	4.6734819412231445	-4.252102375030518
1512060232715	-0.727837324142456	4.443638324737549	-4.865017890930176
1512060232735	-1.1109095811843872	4.558559894561768	-5.5545477867126465
1512060232755	-1.455674648284912	4.63517427444458	-5.5545477867126465
1512060232776	-1.3024457693099976	4.520252704620361	-4.022258758544922
1512060232795	-0.9193734526634216	4.32871675491333	-2.4133553504943848
1512060232816	-0.4596867263317108	4.137180328369141	-3.2178070545196533
1512060232835	-0.07661445438861847	4.481945514678955	-5.2480902671813965
1512060232855	-0.038307227194309235	4.6734819412231445	-6.052541732788086
1512060232875	0.15322890877723694	4.481945514678955	-5.746084213256836
1512060232895	0.6512228846549988	4.252102375030518	-5.631162166595459
1512060232915	1.455674648284912	4.32871675491333	-5.592854976654053
1512060232935	1.8770540952682495	4.443638324737549	-5.363011837005615
1512060232955	2.1068975925445557	4.32871675491333	-5.746084213256836
1512060232975	1.8387469053268433	4.63517427444458	-6.320692539215088
1512060232995	2.030282974243164	4.405331134796143	-6.89530086517334
1512060233015	2.0685901641845703	4.405331134796143	-7.048529624938965
1512060233035	2.183511972427368	4.32871675491333	-6.89530086517334
1512060233055	2.911349296569824	4.060565948486328	-7.1251444816589355
1512060233075	3.5242648124694824	4.022258758544922	-7.048529624938965
1512060233096	3.7158010005950928	4.213795185089111	-6.818686485290527
1512060233115	3.9839515686035156	4.213795185089111	-6.780379295349121
1512060233135	4.213795185089111	3.9456443786621094	-8.274360656738281
1512060233155	4.865017890930176	3.2178070545196533	-8.504204750061035
1512060233175	5.056553840637207	3.064578056335449	-5.5545477867126465
1512060233195	6.627150535583496	3.026270866394043	-3.294421434402466
1512060233215	7.201758861541748	2.873042106628418	-5.324704647064209
1512060233235	6.703764915466309	2.6431987285614014	-8.887276649475098
1512060233255	6.282385349273682	2.5282769203186035	-7.508216381072998
1512060233275	7.6997528076171875	2.7964274883270264	-3.332728862762451
1512060233295	10.228029251098633	2.183511972427368	-3.907337188720703
1512060233315	8.504204750061035	2.145204782485962	-12.947842597961426
1512060233335	6.627150535583496	2.8347349166870117	-14.863204002380371
1512060233355	6.856993675231934	2.9496564865112305	-8.121131896972656
1512060233375	9.461885452270508	1.9919757843017578	-1.4939818382263184
1512060233395	12.181697845458984	1.3407529592514038	-0.8810662031173706
1512060233416	11.41555404663086	1.647210717201233	-5.018246650695801
1512060233435	10.228029251098633	2.451662540435791	-9.308655738830566
1512060233455	9.998186111450195	3.4093432426452637	-10.074800491333008
1512060233475	10.84094524383545	2.604891538619995	-7.010222434997559
1512060233495	11.645397186279297	2.719813108444214	-3.7924153804779053
1512060233515	11.262324333190918	2.6815059185028076	-3.6774938106536865
1512060233535	11.224017143249512	2.6431987285614014	-6.244078159332275
1512060233555	10.5344877243042	2.5665841102600098	-8.810662269592285
1512060233575	9.768342971801758	2.911349296569824	-8.274360656738281
1512060233595	10.113107681274414	2.719813108444214	-6.244078159332275
1512060233615	10.228029251098633	2.0685901641845703	-4.750096321105957
1512060233635	10.41956615447998	1.9153614044189453	-4.290409564971924
1512060233655	11.070788383483887	1.647210717201233	-4.175487995147705
1512060233676	11.492168426513672	1.800439715385437	-4.060565948486328
1512060233695	11.60708999633789	1.8770540952682495	-3.7158010005950928
1512060233715	11.185709953308105	1.723825216293335	-3.3710360527038574
1512060233735	10.687716484069824	1.723825216293335	-3.2561142444610596
1512060233755	10.802638053894043	1.9536685943603516	-3.3710360527038574
1512060233775	11.03248119354248	2.4133553504943848	-4.405331134796143
1512060233795	10.41956615447998	2.451662540435791	-4.9799394607543945
1512060233815	9.84495735168457	2.719813108444214	-4.63517427444458
1512060233835	9.959878921508789	2.6815059185028076	-4.060565948486328
1512060233855	9.959878921508789	2.451662540435791	-3.600879430770874
1512060233875	9.806650161743164	2.183511972427368	-2.9496564865112305
1512060233895	9.53849983215332	1.8770540952682495	-2.451662540435791
1512060233915	8.887276649475098	1.647210717201233	-2.4899697303771973
1512060233935	8.465897560119629	1.9919757843017578	-2.7964274883270264
1512060233955	8.542511940002441	2.0685901641845703	-2.183511972427368
1512060233975	8.389283180236816	1.8387469053268433	-0.8044517636299133
1512060233995	7.967903137207031	1.6089035272598267	0.19153612852096558
1512060234015	7.623138427734375	1.4173674583435059	0.07661445438861847
1512060234035	7.354987621307373	1.455674648284912	-0.26815059781074524
1512060234055	7.5848307609558105	1.5322890281677246	-0.6512228846549988
1512060234075	7.929595947265625	1.5705963373184204	-0.689530074596405
1512060234095	7.738059997558594	1.5705963373184204	-0.26815059781074524
1512060234115	7.6997528076171875	1.455674648284912	0.038307227194309235
1512060234135	7.8529815673828125	1.3407529592514038	-0.038307227194309235
1512060234155	8.08282470703125	1.37906014919281	-0.9193734526634216
1512060234175	8.389283180236816	1.3024457693099976	-1.7621324062347412
1512060234195	9.078812599182129	1.3024457693099976	-2.030282974243164
1512060234215	9.691728591918945	0.9576807022094727	-1.455674648284912
1512060234235	10.41956615447998	0.7661445140838623	-0.727837324142456
1512060234255	10.649409294128418	0.727837324142456	-1.3024457693099976
1512060234275	10.342951774597168	0.4596867263317108	-1.647210717201233
1512060234295	10.304644584655762	0.19153612852096558	-1.800439715385437
1512060234315	10.72602367401123	0.07661445438861847	-2.0685901641845703
1512060234335	10.72602367401123	0.2298433631658554	-3.44765043258667
1512060234355	10.611102104187012	0.26815059781074524	-5.20978307723999
1512060234375	10.687716484069824	0.4213795065879822	-6.742072105407715
1512060234395	11.798625946044922	0.07661445438861847	-6.512228488922119
1512060234415	13.10107135772705	-0.07661445438861847	-5.669469833374023
1512060234435	13.752294540405273	0.15322890877723694	-5.70777702331543
1512060234455	13.752294540405273	0.038307227194309235	-6.588842868804932
1512060234475	13.675680160522461	-0.2298433631658554	-6.435614109039307
1512060234495	14.326903343200684	-0.07661445438861847	-5.1331682205200195
1512060234515	15.131354331970215	0.15322890877723694	-5.324704647064209
1512060234535	14.786589622497559	0.3064578175544739	-6.473921298980713
1512060234555	13.982137680053711	0.38307225704193115	-6.282385349273682
1512060234575	13.713987350463867	0.3064578175544739	-4.367023944854736
1512060234595	13.943830490112305	0.9576807022094727	-4.788403511047363
1512060234615	14.09705924987793	1.4939818382263184	-6.473921298980713
1512060234635	13.79060173034668	1.800439715385437	-6.780379295349121
1512060234655	13.445837020874023	1.7621324062347412	-5.477933406829834
1512060234675	12.986149787902832	1.9919757843017578	-5.899312973022461
1512060234695	11.91354751586914	2.0685901641845703	-6.358999729156494
1512060234715	11.1474027633667	2.030282974243164	-6.090848922729492
1512060234735	10.572794914245605	1.6855180263519287	-5.2480902671813965
1512060234755	10.304644584655762	1.5322890281677246	-3.907337188720703
1512060234775	9.691728591918945	1.4939818382263184	-3.294421434402466
1512060234795	8.504204750061035	1.8770540952682495	-4.367023944854736
1512060234815	7.8529815673828125	1.9536685943603516	-5.286397457122803
1512060234835	7.8529815673828125	2.0685901641845703	-5.784391403198242
1512060234855	7.240066051483154	2.298433542251587	-6.01423454284668
1512060234875	6.052541732788086	2.5665841102600098	-6.358999729156494
1512060234895	4.750096321105957	2.719813108444214	-6.89530086517334
1512060234915	4.32871675491333	2.451662540435791	-6.742072105407715
1512060234935	3.485957622528076	2.3367409706115723	-5.937620162963867
1512060234956	2.6431987285614014	2.2218191623687744	-5.018246650695801
1512060234975	2.145204782485962	2.2601263523101807	-2.9496564865112305
1512060234995	1.723825216293335	2.298433542251587	-1.455674648284912
1512060235015	0.8810662031173706	2.3750481605529785	-0.727837324142456
1512060235035	0.38307225704193115	2.451662540435791	-0.5363011956214905
1512060235055	0.2298433631658554	2.75812029838562	-0.8427590131759644
1512060235075	0.1149216815829277	2.9496564865112305	-2.183511972427368
1512060235095	-0.8044517636299133	3.4093432426452637	-3.2178070545196533
1512060235115	-1.1492167711257935	3.485957622528076	-3.141192674636841
1512060235135	-0.689530074596405	3.332728862762451	-3.7158010005950928
1512060235155	-1.2641384601593018	3.5625722408294678	-5.784391403198242
1512060235175	-2.183511972427368	3.7158010005950928	-6.090848922729492
1512060235195	-2.145204782485962	3.7158010005950928	-4.481945514678955
1512060235215	-1.5322890281677246	3.294421434402466	-3.1028854846954346
1512060235235	-0.8427590131759644	3.3710360527038574	-3.6391866207122803
1512060235255	-0.49799394607543945	3.6391866207122803	-5.2480902671813965
1512060235275	-0.26815059781074524	3.9456443786621094	-6.205770969390869
1512060235295	0.1149216815829277	3.9839515686035156	-6.052541732788086
1512060235315	0.26815059781074524	3.7158010005950928	-5.746084213256836
1512060235335	0.19153612852096558	4.022258758544922	-5.937620162963867
1512060235355	0.2298433631658554	4.137180328369141	-6.742072105407715
1512060235375	0.6129156351089478	4.137180328369141	-6.742072105407715
1512060235395	1.2258312702178955	3.600879430770874	-5.899312973022461
1512060235415	1.5322890281677246	3.600879430770874	-4.558559894561768
1512060235435	1.9153614044189453	3.6391866207122803	-4.290409564971924
1512060235455	2.2218191623687744	3.907337188720703	-6.167463779449463
1512060235475	2.451662540435791	3.907337188720703	-7.546523571014404
1512060235495	3.026270866394043	3.7158010005950928	-6.205770969390869
1512060235515	4.367023944854736	3.6391866207122803	-5.056553840637207
1512060235536	5.056553840637207	3.485957622528076	-7.010222434997559
1512060235555	4.941632270812988	3.6391866207122803	-9.921571731567383
1512060235575	4.903325080871582	3.754108190536499	-8.542511940002441
1512060235595	7.2783732414245605	2.451662540435791	-4.711789131164551
1512060235615	7.393294811248779	2.145204782485962	-8.312667846679688
1512060235635	4.63517427444458	2.911349296569824	-13.48414421081543
1512060235655	4.6734819412231445	3.2561142444610596	-11.951854705810547
1512060235675	6.550535678863525	2.145204782485962	-6.89530086517334
1512060235695	7.5848307609558105	1.8387469053268433	-3.44765043258667
1512060235715	7.086836814880371	1.7621324062347412	-4.9799394607543945
1512060235735	6.665457725524902	1.723825216293335	-7.814674377441406
1512060235755	7.7763671875	1.7621324062347412	-6.550535678863525
1512060235775	9.84495735168457	1.4939818382263184	-4.137180328369141
1512060235795	10.113107681274414	1.1492167711257935	-4.137180328369141
1512060235815	9.040505409240723	1.5322890281677246	-7.010222434997559
1512060235835	9.155426979064941	1.455674648284912	-8.427590370178223
1512060235855	9.883264541625977	1.6089035272598267	-6.550535678863525
1512060235875	11.453861236572266	1.1109095811843872	-3.5625722408294678
1512060235895	11.72201156616211	0.9959878921508789	-3.6774938106536865
1512060235915	10.687716484069824	0.8427590131759644	-7.7763671875
1512060235935	10.189722061157227	1.1875240802764893	-9.921571731567383
1512060235955	11.1474027633667	1.5322890281677246	-7.814674377441406
1512060235975	12.717999458312988	1.5705963373184204	-5.018246650695801
1512060235995	13.369222640991211	0.8810662031173706	-4.558559894561768
1512060236015	12.449849128723145	0.5363011956214905	-6.627150535583496
1512060236035	10.917559623718262	0.8044517636299133	-8.734047889709473
1512060236055	10.72602367401123	1.5322890281677246	-6.818686485290527
1512060236075	10.84094524383545	1.37906014919281	-4.32871675491333
1512060236095	10.457873344421387	0.9959878921508789	-3.485957622528076
1512060236115	10.15141487121582	0.689530074596405	-3.6774938106536865
1512060236135	10.955866813659668	0.727837324142456	-3.7158010005950928
1512060236155	12.066776275634766	1.1109095811843872	-4.788403511047363
1512060236175	11.377246856689453	1.4173674583435059	-7.508216381072998
1512060236195	10.074800491333008	1.8770540952682495	-9.078812599182129
1512060236215	9.53849983215332	1.9153614044189453	-7.661445617675781
1512060236235	9.576807022094727	1.37906014919281	-4.558559894561768
1512060236255	10.113107681274414	0.9193734526634216	-2.030282974243164
1512060236275	10.15141487121582	0.8044517636299133	-2.3750481605529785
1512060236295	9.500192642211914	0.6512228846549988	-2.75812029838562
1512060236315	9.078812599182129	0.4596867263317108	-1.455674648284912
1512060236335	9.155426979064941	0.5746083855628967	-0.19153612852096558
1512060236355	9.346963882446289	0.9576807022094727	-0.7661445140838623
1512060236375	9.117119789123535	1.5705963373184204	-2.0685901641845703
1512060236395	8.65743350982666	1.9536685943603516	-2.7964274883270264
1512060236415	8.159439086914062	2.183511972427368	-2.9879636764526367
1512060236435	8.159439086914062	2.145204782485962	-2.6431987285614014
1512060236455	8.274360656738281	2.030282974243164	-1.9919757843017578
1512060236475	8.465897560119629	1.8387469053268433	-1.1109095811843872
1512060236496	8.772355079650879	1.4939818382263184	-0.15322890877723694
1512060236515	8.734047889709473	1.3024457693099976	-0.07661445438861847
1512060236535	8.695740699768066	1.3407529592514038	-0.5363011956214905
1512060236555	8.695740699768066	1.3407529592514038	-1.1492167711257935
1512060236575	8.389283180236816	1.2258312702178955	-0.9193734526634216
1512060236595	8.159439086914062	1.0342950820922852	-0.4596867263317108
1512060236615	8.159439086914062	0.9193734526634216	-0.4213795065879822
1512060236635	8.236053466796875	0.9576807022094727	-0.8427590131759644
1512060236655	8.427590370178223	0.8810662031173706	-2.030282974243164
1512060236675	8.465897560119629	0.727837324142456	-2.75812029838562
1512060236695	8.427590370178223	0.6129156351089478	-2.604891538619995
1512060236715	9.078812599182129	0.4213795065879822	-2.0685901641845703
1512060236735	9.730035781860352	0.38307225704193115	-2.604891538619995
1512060236755	9.883264541625977	0.19153612852096558	-3.754108190536499
1512060236775	9.615114212036133	0.0	-4.367023944854736
1512060236795	9.806650161743164	-0.15322890877723694	-4.367023944854736
1512060236815	10.266336441040039	-0.19153612852096558	-4.903325080871582
1512060236835	10.228029251098633	-0.26815059781074524	-6.167463779449463
1512060236855	10.266336441040039	-0.3447650372982025	-6.358999729156494
1512060236875	10.994174003601074	-0.49799394607543945	-5.20978307723999
1512060236895	12.143390655517578	-0.5746083855628967	-4.443638324737549
1512060236915	12.60307788848877	-0.15322890877723694	-5.746084213256836
1512060236935	12.564770698547363	0.19153612852096558	-7.508216381072998
1512060236955	12.679692268371582	0.15322890877723694	-5.363011837005615
1512060236975	13.407529830932617	0.19153612852096558	-3.6391866207122803
1512060236995	13.982137680053711	0.15322890877723694	-6.435614109039307
1512060237015	14.518439292907715	0.4596867263317108	-8.848969459533691
1512060237035	14.709975242614746	0.4596867263317108	-8.925583839416504
1512060237055	14.09705924987793	0.4596867263317108	-7.546523571014404
1512060237075	13.21599292755127	0.1149216815829277	-6.205770969390869
1512060237095	12.832921028137207	0.19153612852096558	-5.937620162963867
1512060237115	12.756306648254395	0.26815059781074524	-7.240066051483154
1512060237135	12.871228218078613	0.5363011956214905	-9.155426979064941
1512060237155	12.641385078430176	0.49799394607543945	-9.500192642211914
1512060237175	12.143390655517578	0.26815059781074524	-8.619126319885254
1512060237195	11.645397186279297	0.15322890877723694	-7.623138427734375
1512060237215	11.338939666748047	-0.07661445438861847	-8.65743350982666
1512060237235	10.381258964538574	0.19153612852096558	-9.040505409240723
1512060237255	9.500192642211914	0.07661445438861847	-7.508216381072998
1512060237275	9.040505409240723	-0.07661445438861847	-5.286397457122803
1512060237295	8.006210327148438	0.2298433631658554	-5.2480902671813965
1512060237315	6.473921298980713	0.6512228846549988	-6.742072105407715
1512060237335	5.5545477867126465	1.3024457693099976	-8.121131896972656
1512060237355	5.5545477867126465	1.455674648284912	-8.580819129943848
1512060237375	5.324704647064209	1.4939818382263184	-7.5848307609558105
1512060237395	4.32871675491333	1.5705963373184204	-6.550535678863525
1512060237415	3.907337188720703	1.5705963373184204	-5.286397457122803
1512060237435	3.294421434402466	1.723825216293335	-4.8267107009887695
1512060237456	2.4899697303771973	1.800439715385437	-5.2480902671813965
1512060237475	2.2218191623687744	1.8770540952682495	-4.788403511047363
1512060237495	1.9919757843017578	1.8387469053268433	-3.3710360527038574
1512060237515	0.7661445140838623	2.030282974243164	-2.4133553504943848
1512060237535	-0.6129156351089478	2.298433542251587	-2.719813108444214
1512060237555	-1.2641384601593018	2.604891538619995	-3.6774938106536865
1512060237575	-1.647210717201233	2.873042106628418	-3.4093432426452637
1512060237595	-2.3367409706115723	2.9879636764526367	-2.5665841102600098
1512060237615	-2.9496564865112305	2.911349296569824	-1.8387469053268433
1512060237635	-2.7964274883270264	2.604891538619995	-1.9153614044189453
1512060237655	-2.5665841102600098	2.7964274883270264	-1.723825216293335
1512060237675	-2.6431987285614014	2.9496564865112305	-2.1068975925445557
1512060237695	-2.6815059185028076	2.8347349166870117	-2.604891538619995
1512060237715	-2.719813108444214	2.9879636764526367	-2.604891538619995
1512060237735	-2.75812029838562	2.911349296569824	-2.4899697303771973
1512060237755	-2.2218191623687744	2.9879636764526367	-2.604891538619995
1512060237775	-1.37906014919281	3.026270866394043	-3.3710360527038574
1512060237795	-0.689530074596405	3.2561142444610596	-4.865017890930176
1512060237816	-0.6129156351089478	3.5242648124694824	-5.324704647064209
1512060237835	-0.3447650372982025	3.44765043258667	-6.320692539215088
1512060237855	0.4596867263317108	3.44765043258667	-6.742072105407715
1512060237875	1.5705963373184204	3.7924153804779053	-4.6734819412231445
1512060237895	2.4133553504943848	3.9456443786621094	-3.907337188720703
1512060237915	2.719813108444214	3.6391866207122803	-5.51624059677124
1512060237935	2.1068975925445557	3.600879430770874	-6.665457725524902
1512060237955	1.647210717201233	3.869029998779297	-6.358999729156494
1512060237975	2.2218191623687744	3.6391866207122803	-5.439626216888428
1512060237995	3.5242648124694824	3.3710360527038574	-5.094861030578613
1512060238015	4.367023944854736	3.3710360527038574	-6.129156112670898
1512060238035	4.788403511047363	3.5242648124694824	-8.542511940002441
1512060238055	4.788403511047363	3.907337188720703	-10.304644584655762
1512060238075	4.788403511047363	3.9839515686035156	-9.423578262329102
1512060238095	5.1331682205200195	3.332728862762451	-7.508216381072998
1512060238115	6.473921298980713	2.451662540435791	-7.086836814880371
1512060238135	7.354987621307373	2.298433542251587	-8.312667846679688
1512060238155	6.971915245056152	3.064578056335449	-8.580819129943848
1512060238175	6.703764915466309	2.5282769203186035	-9.002198219299316
1512060238195	7.4316020011901855	1.8770540952682495	-9.117119789123535
1512060238215	8.925583839416504	1.3407529592514038	-8.65743350982666
1512060238235	10.342951774597168	2.298433542251587	-6.818686485290527
1512060238255	10.611102104187012	2.9496564865112305	-5.746084213256836
1512060238275	9.921571731567383	2.1068975925445557	-8.006210327148438
1512060238295	8.887276649475098	1.3024457693099976	-9.423578262329102
1512060238315	11.070788383483887	1.3024457693099976	-7.623138427734375
1512060238335	11.760318756103516	1.8387469053268433	-7.201758861541748
1512060238355	10.802638053894043	1.9536685943603516	-9.576807022094727
1512060238375	8.848969459533691	1.4173674583435059	-11.262324333190918
1512060238395	8.542511940002441	0.8044517636299133	-9.193734169006348
1512060238416	10.381258964538574	0.6512228846549988	-5.477933406829834
1512060238435	11.530475616455078	0.9193734526634216	-4.32871675491333
1512060238455	10.84094524383545	1.1109095811843872	-7.316680431365967
1512060238475	9.193734169006348	1.1109095811843872	-9.959878921508789
1512060238495	8.08282470703125	1.3024457693099976	-8.925583839416504
1512060238515	9.040505409240723	1.6855180263519287	-7.1251444816589355
1512060238535	11.03248119354248	1.8387469053268433	-6.818686485290527
1512060238555	11.568782806396484	2.298433542251587	-5.937620162963867
1512060238575	10.917559623718262	2.2601263523101807	-4.175487995147705
1512060238595	9.959878921508789	1.800439715385437	-2.604891538619995
1512060238615	9.461885452270508	1.4939818382263184	-1.8770540952682495
1512060238635	9.998186111450195	1.5322890281677246	-2.2218191623687744
1512060238655	10.611102104187012	1.7621324062347412	-3.6391866207122803
1512060238675	10.5344877243042	1.800439715385437	-5.018246650695801
1512060238695	10.228029251098633	1.5705963373184204	-5.018246650695801
1512060238715	9.84495735168457	1.4173674583435059	-4.443638324737549
1512060238735	9.423578262329102	1.3407529592514038	-4.290409564971924
1512060238755	9.002198219299316	1.455674648284912	-4.175487995147705
1512060238775	9.078812599182129	1.4173674583435059	-3.026270866394043
1512060238795	9.423578262329102	1.37906014919281	-2.183511972427368
1512060238815	9.653421401977539	1.5705963373184204	-1.800439715385437
1512060238835	9.308655738830566	1.5322890281677246	-1.800439715385437
1512060238855	8.734047889709473	1.6089035272598267	-2.145204782485962
1512060238875	8.580819129943848	1.5322890281677246	-2.2601263523101807
1512060238895	8.695740699768066	1.6855180263519287	-2.030282974243164
1512060238915	8.810662269592285	1.9919757843017578	-1.8387469053268433
1512060238935	9.155426979064941	1.9536685943603516	-1.4939818382263184
1512060238955	9.423578262329102	1.8387469053268433	-0.7661445140838623
1512060238975	9.27034854888916	1.8387469053268433	-0.6512228846549988
1512060238995	8.96389102935791	1.723825216293335	-1.0342950820922852
1512060239015	8.734047889709473	1.5322890281677246	-0.9193734526634216
1512060239035	8.465897560119629	1.3407529592514038	-0.5363011956214905
1512060239055	8.35097599029541	1.072602391242981	-0.26815059781074524
1512060239075	8.236053466796875	0.9576807022094727	-0.3064578175544739
1512060239095	8.35097599029541	0.9193734526634216	-1.1492167711257935
1512060239115	8.465897560119629	0.7661445140838623	-1.723825216293335
1512060239135	8.887276649475098	0.5746083855628967	-1.647210717201233
1512060239155	9.117119789123535	0.5746083855628967	-2.183511972427368
1512060239175	8.848969459533691	0.5363011956214905	-2.7964274883270264
1512060239195	9.002198219299316	0.5746083855628967	-3.6391866207122803
1512060239215	9.730035781860352	0.4213795065879822	-4.098873138427734
1512060239235	10.381258964538574	0.26815059781074524	-5.4013190269470215
1512060239255	10.074800491333008	0.15322890877723694	-6.167463779449463
1512060239275	9.84495735168457	0.15322890877723694	-6.358999729156494
1512060239295	10.917559623718262	0.15322890877723694	-7.086836814880371
1512060239315	11.530475616455078	0.2298433631658554	-8.389283180236816
1512060239335	10.84094524383545	0.38307225704193115	-9.806650161743164
1512060239355	10.611102104187012	0.3064578175544739	-9.730035781860352
1512060239375	11.530475616455078	0.19153612852096558	-8.35097599029541
1512060239395	12.641385078430176	0.1149216815829277	-6.780379295349121
1512060239415	12.564770698547363	0.26815059781074524	-6.89530086517334
1512060239435	12.526463508605957	0.4213795065879822	-7.929595947265625
1512060239455	12.526463508605957	0.5363011956214905	-8.427590370178223
1512060239475	12.679692268371582	0.5746083855628967	-8.236053466796875
1512060239495	13.254301071166992	0.689530074596405	-8.619126319885254
1512060239515	13.254301071166992	0.6512228846549988	-9.040505409240723
1512060239535	13.139378547668457	0.727837324142456	-9.155426979064941
1512060239555	13.560758590698242	0.5746083855628967	-8.427590370178223
1512060239575	13.177685737609863	0.6512228846549988	-7.546523571014404
1512060239595	12.22000503540039	0.6512228846549988	-7.048529624938965
1512060239615	11.683704376220703	0.727837324142456	-6.780379295349121
1512060239635	11.338939666748047	0.727837324142456	-6.167463779449463
1512060239655	10.764330863952637	1.1492167711257935	-5.5545477867126465
1512060239675	9.308655738830566	1.455674648284912	-6.627150535583496
1512060239695	9.117119789123535	1.6855180263519287	-7.4316020011901855
1512060239715	8.887276649475098	1.800439715385437	-7.393294811248779
1512060239735	8.695740699768066	1.6089035272598267	-7.316680431365967
1512060239755	7.738059997558594	1.7621324062347412	-7.469909191131592
1512060239775	6.473921298980713	1.723825216293335	-7.086836814880371
1512060239795	5.784391403198242	1.37906014919281	-6.052541732788086
1512060239815	5.018246650695801	1.37906014919281	-5.4013190269470215
1512060239835	4.175487995147705	1.8770540952682495	-5.4013190269470215
1512060239855	3.8307228088378906	2.1068975925445557	-5.937620162963867
1512060239875	2.8347349166870117	2.3367409706115723	-5.2480902671813965
1512060239895	1.5322890281677246	2.5282769203186035	-3.9839515686035156
1512060239915	0.4213795065879822	2.3750481605529785	-2.719813108444214
1512060239935	-0.07661445438861847	2.183511972427368	-1.3024457693099976
1512060239955	-0.6129156351089478	2.3750481605529785	0.3447650372982025
1512060239975	-1.2258312702178955	3.141192674636841	0.5363011956214905
1512060239995	-1.4173674583435059	3.44765043258667	-0.6129156351089478
1512060240015	-1.3407529592514038	3.869029998779297	-1.9536685943603516
1512060240035	-0.8044517636299133	3.907337188720703	-2.873042106628418
1512060240055	-0.689530074596405	4.32871675491333	-3.7924153804779053
1512060240075	-0.9959878921508789	4.8267107009887695	-4.788403511047363
1512060240095	-1.37906014919281	4.596867084503174	-4.941632270812988
1512060240115	-1.9536685943603516	4.711789131164551	-4.405331134796143
1512060240136	-1.37906014919281	4.520252704620361	-4.520252704620361
1512060240155	-1.2258312702178955	4.711789131164551	-4.252102375030518
1512060240175	-0.7661445140838623	4.6734819412231445	-3.485957622528076
1512060240195	-0.3447650372982025	4.367023944854736	-3.332728862762451
1512060240215	-0.19153612852096558	4.481945514678955	-3.9839515686035156
1512060240235	-0.07661445438861847	4.520252704620361	-4.213795185089111
1512060240255	0.8427590131759644	4.520252704620361	-4.098873138427734
1512060240275	1.9919757843017578	4.367023944854736	-4.63517427444458
1512060240295	1.8387469053268433	4.596867084503174	-5.669469833374023
1512060240315	1.5705963373184204	4.596867084503174	-5.631162166595459
1512060240335	2.5282769203186035	4.558559894561768	-4.443638324737549
1512060240355	3.4093432426452637	4.405331134796143	-3.907337188720703
1512060240375	3.1028854846954346	4.6734819412231445	-4.596867084503174
1512060240395	2.2601263523101807	4.022258758544922	-6.282385349273682
1512060240415	2.4899697303771973	4.290409564971924	-5.1331682205200195
1512060240435	4.941632270812988	4.098873138427734	-4.098873138427734
1512060240456	6.627150535583496	4.558559894561768	-4.213795185089111
1512060240475	6.473921298980713	4.6734819412231445	-7.163451671600342
1512060240495	5.822698593139648	4.367023944854736	-10.304644584655762
1512060240515	5.439626216888428	4.175487995147705	-9.040505409240723
1512060240535	6.435614109039307	3.907337188720703	-4.9799394607543945
1512060240555	8.197746276855469	3.5242648124694824	-4.175487995147705
1512060240575	7.891288757324219	3.7924153804779053	-8.35097599029541
1512060240595	6.090848922729492	4.443638324737549	-9.959878921508789
1512060240615	7.4316020011901855	4.098873138427734	-5.477933406829834
1512060240635	9.691728591918945	2.6431987285614014	-3.7158010005950928
1512060240655	9.883264541625977	1.9536685943603516	-5.4013190269470215
1512060240675	8.236053466796875	2.7964274883270264	-8.274360656738281
1512060240695	8.044517517089844	3.2178070545196533	-9.53849983215332
1512060240715	9.002198219299316	3.2178070545196533	-8.580819129943848
1512060240735	10.266336441040039	2.2218191623687744	-6.780379295349121
1512060240755	9.730035781860352	2.030282974243164	-5.094861030578613
1512060240776	8.734047889709473	1.9919757843017578	-5.324704647064209
1512060240795	9.27034854888916	1.9536685943603516	-5.784391403198242
1512060240815	10.687716484069824	1.800439715385437	-5.363011837005615
1512060240835	11.990161895751953	1.4939818382263184	-4.558559894561768
1512060240855	11.72201156616211	0.689530074596405	-5.056553840637207
1512060240875	10.84094524383545	0.7661445140838623	-6.205770969390869
1512060240895	10.228029251098633	1.3407529592514038	-7.508216381072998
1512060240915	10.572794914245605	1.6855180263519287	-7.1251444816589355
1512060240935	11.338939666748047	1.647210717201233	-5.5545477867126465
1512060240955	11.683704376220703	1.1875240802764893	-5.4013190269470215
1512060240975	10.84094524383545	0.8810662031173706	-6.090848922729492
1512060240995	10.189722061157227	0.689530074596405	-6.052541732788086
1512060241015	10.266336441040039	0.7661445140838623	-5.018246650695801
1512060241035	10.955866813659668	1.072602391242981	-4.175487995147705
1512060241055	11.492168426513672	1.455674648284912	-5.363011837005615
1512060241075	10.228029251098633	1.723825216293335	-7.508216381072998
1512060241096	9.500192642211914	1.9536685943603516	-7.7763671875
1512060241115	9.461885452270508	1.6855180263519287	-5.975927352905273
1512060241135	9.768342971801758	1.2258312702178955	-3.907337188720703
1512060241155	10.036493301391602	0.9193734526634216	-2.183511972427368
1512060241175	9.921571731567383	0.7661445140838623	-0.9959878921508789
1512060241195	9.768342971801758	0.6129156351089478	-1.3024457693099976
1512060241215	9.53849983215332	0.689530074596405	-2.4133553504943848
1512060241235	9.27034854888916	0.7661445140838623	-3.600879430770874
1512060241255	9.040505409240723	0.9959878921508789	-3.6391866207122803
1512060241275	8.925583839416504	1.072602391242981	-2.8347349166870117
1512060241295	8.96389102935791	1.5705963373184204	-2.6815059185028076
1512060241315	9.002198219299316	1.647210717201233	-2.873042106628418
1512060241335	9.155426979064941	1.800439715385437	-2.6815059185028076
1512060241355	8.925583839416504	1.8770540952682495	-2.298433542251587
1512060241375	8.925583839416504	2.0685901641845703	-1.8387469053268433
1512060241395	9.308655738830566	2.183511972427368	-1.723825216293335
1512060241416	9.27034854888916	2.183511972427368	-1.6089035272598267
1512060241435	8.887276649475098	2.3367409706115723	-1.1875240802764893
1512060241455	8.65743350982666	1.9919757843017578	-0.6129156351089478
1512060241475	8.619126319885254	1.723825216293335	-0.38307225704193115
1512060241495	8.695740699768066	1.723825216293335	-0.7661445140838623
1512060241515	8.887276649475098	1.5705963373184204	-1.455674648284912
1512060241535	8.925583839416504	1.3407529592514038	-1.4173674583435059
1512060241555	9.232041358947754	1.2641384601593018	-1.1109095811843872
1512060241575	9.423578262329102	1.3024457693099976	-1.4939818382263184
1512060241595	9.423578262329102	1.37906014919281	-3.179499864578247
1512060241615	9.117119789123535	1.5322890281677246	-4.443638324737549
1512060241635	9.117119789123535	0.9576807022094727	-4.711789131164551
1512060241655	9.385271072387695	0.6129156351089478	-4.060565948486328
1512060241675	9.27034854888916	0.2298433631658554	-4.252102375030518
1512060241695	8.925583839416504	0.3064578175544739	-5.056553840637207
1512060241715	8.96389102935791	-0.038307227194309235	-5.822698593139648
1512060241735	9.232041358947754	-0.3447650372982025	-5.631162166595459
1512060241755	9.346963882446289	-0.5746083855628967	-5.631162166595459
1512060241775	9.53849983215332	-0.6129156351089478	-6.090848922729492
1512060241795	10.036493301391602	-0.5363011956214905	-6.282385349273682
1512060241815	10.381258964538574	-0.038307227194309235	-6.167463779449463
1512060241835	10.802638053894043	0.2298433631658554	-6.320692539215088
1512060241855	11.1474027633667	0.3064578175544739	-6.435614109039307
1512060241875	11.262324333190918	0.2298433631658554	-6.588842868804932
1512060241895	11.224017143249512	0.4213795065879822	-6.703764915466309
1512060241915	11.453861236572266	0.4596867263317108	-6.703764915466309
1512060241935	11.798625946044922	0.3447650372982025	-7.240066051483154
1512060241955	12.143390655517578	0.49799394607543945	-8.810662269592285
1512060241975	12.641385078430176	0.49799394607543945	-9.423578262329102
1512060241995	12.947842597961426	0.38307225704193115	-9.193734169006348
1512060242015	12.717999458312988	0.19153612852096558	-8.887276649475098
1512060242035	12.60307788848877	0.3064578175544739	-8.542511940002441
1512060242055	12.564770698547363	0.49799394607543945	-7.891288757324219
1512060242075	12.334927558898926	0.4213795065879822	-7.201758861541748
1512060242095	12.29662036895752	0.3447650372982025	-6.3973069190979
1512060242115	11.91354751586914	0.6129156351089478	-6.052541732788086
1512060242135	11.492168426513672	1.1109095811843872	-5.746084213256836
1512060242155	10.687716484069824	1.4173674583435059	-6.320692539215088
1512060242175	9.998186111450195	1.5322890281677246	-7.738059997558594
1512060242195	9.768342971801758	1.6855180263519287	-8.695740699768066
1512060242215	9.615114212036133	1.5705963373184204	-8.848969459533691
1512060242235	8.96389102935791	1.6089035272598267	-8.848969459533691
1512060242255	7.814674377441406	1.4173674583435059	-8.35097599029541
1512060242275	7.354987621307373	1.455674648284912	-7.2783732414245605
1512060242295	7.1251444816589355	1.647210717201233	-6.627150535583496
1512060242315	6.665457725524902	1.5322890281677246	-5.746084213256836
1512060242335	5.70777702331543	1.8770540952682495	-5.746084213256836
1512060242355	4.865017890930176	2.1068975925445557	-6.512228488922119
1512060242375	4.175487995147705	2.2218191623687744	-7.163451671600342
1512060242395	3.141192674636841	2.183511972427368	-6.3973069190979
1512060242415	0.5746083855628967	2.183511972427368	-3.9839515686035156
1512060242435	-0.4213795065879822	2.4133553504943848	-2.604891538619995
1512060242455	-0.9193734526634216	2.604891538619995	-1.5322890281677246
1512060242475	-0.8427590131759644	2.719813108444214	-0.6512228846549988
1512060242495	-0.9193734526634216	2.9496564865112305	-0.1149216815829277
1512060242515	-1.072602391242981	3.2178070545196533	0.3064578175544739
1512060242535	-1.2258312702178955	3.294421434402466	0.5746083855628967
1512060242555	-1.4173674583435059	3.6774938106536865	0.5746083855628967
1512060242575	-1.2258312702178955	4.022258758544922	-0.8044517636299133
1512060242595	-0.9959878921508789	4.252102375030518	-3.294421434402466
1512060242615	-1.1109095811843872	4.481945514678955	-3.7924153804779053
1512060242635	-1.0342950820922852	4.290409564971924	-2.75812029838562
1512060242655	-1.455674648284912	4.252102375030518	-1.9536685943603516
1512060242675	-1.7621324062347412	4.32871675491333	-2.604891538619995
1512060242695	-1.647210717201233	4.443638324737549	-3.2561142444610596
1512060242715	-1.2258312702178955	4.481945514678955	-4.213795185089111
1512060242735	-0.6129156351089478	4.558559894561768	-4.788403511047363
1512060242755	-0.4596867263317108	4.865017890930176	-5.937620162963867
1512060242775	-0.4213795065879822	4.865017890930176	-6.550535678863525
1512060242795	-0.2298433631658554	4.865017890930176	-5.51624059677124
1512060242815	0.3447650372982025	4.481945514678955	-3.5242648124694824
1512060242835	1.0342950820922852	4.32871675491333	-2.873042106628418
1512060242855	1.2258312702178955	4.32871675491333	-5.669469833374023
1512060242875	1.9153614044189453	4.367023944854736	-4.941632270812988
1512060242895	3.1028854846954346	4.213795185089111	-3.869029998779297
1512060242915	3.5242648124694824	4.252102375030518	-4.903325080871582
1512060242935	3.2561142444610596	4.405331134796143	-7.891288757324219
1512060242955	3.6391866207122803	4.098873138427734	-7.393294811248779
1512060242975	4.750096321105957	3.6391866207122803	-3.9839515686035156
1512060242995	6.282385349273682	3.44765043258667	-4.481945514678955
1512060243015	5.937620162963867	4.098873138427734	-10.381258964538574
1512060243035	4.9799394607543945	4.098873138427734	-13.675680160522461
1512060243055	5.286397457122803	3.907337188720703	-10.572794914245605
1512060243075	7.354987621307373	3.141192674636841	-6.512228488922119
1512060243095	8.197746276855469	3.2178070545196533	-4.865017890930176
1512060243115	7.814674377441406	2.5282769203186035	-6.971915245056152
1512060243135	7.469909191131592	2.4133553504943848	-8.006210327148438
1512060243155	8.580819129943848	2.719813108444214	-5.631162166595459
1512060243175	10.113107681274414	2.5665841102600098	-3.9839515686035156
1512060243195	9.768342971801758	2.3750481605529785	-4.865017890930176
1512060243215	9.193734169006348	1.9153614044189453	-8.810662269592285
1512060243235	8.810662269592285	2.7964274883270264	-10.15141487121582
1512060243255	10.84094524383545	3.179499864578247	-6.627150535583496
1512060243275	12.986149787902832	2.5665841102600098	-3.3710360527038574
1512060243295	13.407529830932617	1.647210717201233	-4.63517427444458
1512060243315	11.03248119354248	1.9536685943603516	-10.649409294128418
1512060243335	10.611102104187012	2.5282769203186035	-12.526463508605957
1512060243355	11.377246856689453	2.5665841102600098	-10.189722061157227
1512060243375	12.564770698547363	1.800439715385437	-7.354987621307373
1512060243395	11.91354751586914	1.37906014919281	-6.435614109039307
1512060243415	10.72602367401123	0.9959878921508789	-7.623138427734375
1512060243435	9.806650161743164	1.1875240802764893	-8.236053466796875
1512060243455	9.883264541625977	1.647210717201233	-6.971915245056152
1512060243475	10.496180534362793	1.9919757843017578	-6.512228488922119
1512060243495	9.921571731567383	1.9153614044189453	-8.312667846679688
1512060243515	9.002198219299316	1.723825216293335	-8.274360656738281
1512060243535	8.772355079650879	1.2641384601593018	-5.70777702331543
1512060243555	9.002198219299316	0.9959878921508789	-3.485957622528076
1512060243575	8.887276649475098	0.8427590131759644	-4.098873138427734
1512060243595	8.274360656738281	1.6089035272598267	-6.358999729156494
1512060243615	8.580819129943848	1.8770540952682495	-6.550535678863525
1512060243635	9.155426979064941	1.723825216293335	-4.367023944854736
1512060243655	9.308655738830566	1.5705963373184204	-2.75812029838562
1512060243675	9.193734169006348	1.5705963373184204	-2.8347349166870117
1512060243695	8.887276649475098	1.6089035272598267	-3.6774938106536865
1512060243715	8.734047889709473	1.9919757843017578	-4.865017890930176
1512060243735	9.27034854888916	2.3750481605529785	-4.9799394607543945
1512060243755	9.84495735168457	2.4133553504943848	-3.907337188720703
1512060243775	9.691728591918945	2.3750481605529785	-2.8347349166870117
1512060243795	9.232041358947754	2.5665841102600098	-2.3367409706115723
1512060243815	8.887276649475098	2.4899697303771973	-2.145204782485962
1512060243835	8.465897560119629	2.604891538619995	-2.451662540435791
1512060243855	8.35097599029541	2.451662540435791	-2.604891538619995
1512060243875	7.967903137207031	2.298433542251587	-1.5322890281677246
1512060243895	8.197746276855469	2.1068975925445557	-0.8810662031173706
1512060243916	8.274360656738281	2.030282974243164	-0.8427590131759644
1512060243935	8.044517517089844	1.9919757843017578	-1.2258312702178955
1512060243955	8.35097599029541	1.9536685943603516	-1.9153614044189453
1512060243975	8.65743350982666	1.6089035272598267	-2.6431987285614014
1512060243995	8.65743350982666	1.5705963373184204	-2.5282769203186035
1512060244015	8.96389102935791	1.6089035272598267	-2.183511972427368
1512060244035	9.232041358947754	1.5322890281677246	-2.4133553504943848
1512060244055	8.887276649475098	1.4939818382263184	-3.2561142444610596
1512060244075	8.504204750061035	1.5322890281677246	-3.5625722408294678
1512060244095	8.35097599029541	1.2641384601593018	-2.9496564865112305
1512060244115	8.504204750061035	1.072602391242981	-2.911349296569824
1512060244135	8.427590370178223	0.9959878921508789	-3.7924153804779053
1512060244155	8.887276649475098	1.2641384601593018	-4.520252704620361
1512060244175	10.228029251098633	1.1875240802764893	-4.367023944854736
1512060244195	11.224017143249512	1.455674648284912	-5.2480902671813965
1512060244215	11.377246856689453	1.2258312702178955	-6.320692539215088
1512060244235	11.338939666748047	0.9959878921508789	-6.01423454284668
1512060244255	11.760318756103516	0.9193734526634216	-5.975927352905273
1512060244275	11.951854705810547	1.37906014919281	-7.1251444816589355
1512060244295	11.760318756103516	1.6855180263519287	-8.236053466796875
1512060244315	11.568782806396484	1.6089035272598267	-8.08282470703125
1512060244335	11.492168426513672	1.5322890281677246	-7.240066051483154
1512060244355	11.41555404663086	1.5322890281677246	-7.354987621307373
1512060244375	11.03248119354248	1.5705963373184204	-7.7763671875
1512060244395	10.802638053894043	1.6089035272598267	-7.738059997558594
1512060244415	11.1474027633667	1.3407529592514038	-7.393294811248779
1512060244435	11.262324333190918	1.5705963373184204	-7.469909191131592
1512060244455	11.185709953308105	1.6855180263519287	-8.044517517089844
1512060244475	10.994174003601074	1.8387469053268433	-8.542511940002441
1512060244496	10.994174003601074	1.8387469053268433	-8.197746276855469
1512060244515	10.917559623718262	1.723825216293335	-7.2783732414245605
1512060244535	10.457873344421387	1.6089035272598267	-6.665457725524902
1512060244555	9.921571731567383	1.800439715385437	-6.742072105407715
1512060244575	9.653421401977539	1.9536685943603516	-6.665457725524902
1512060244595	9.423578262329102	1.8770540952682495	-6.167463779449463
1512060244615	8.810662269592285	1.723825216293335	-5.669469833374023
1512060244635	8.121131896972656	2.183511972427368	-5.286397457122803
1512060244655	7.163451671600342	2.1068975925445557	-5.822698593139648
1512060244675	6.167463779449463	2.2601263523101807	-5.477933406829834
1512060244695	5.70777702331543	2.5282769203186035	-4.098873138427734
1512060244715	5.286397457122803	2.911349296569824	-4.750096321105957
1512060244735	4.8267107009887695	3.1028854846954346	-6.742072105407715
1512060244755	4.175487995147705	3.5625722408294678	-7.929595947265625
1512060244775	3.7158010005950928	3.7924153804779053	-8.389283180236816
1512060244795	3.485957622528076	3.485957622528076	-8.542511940002441
1512060244815	2.9496564865112305	3.4093432426452637	-8.197746276855469
1512060244835	2.75812029838562	3.141192674636841	-7.546523571014404
1512060244855	2.4899697303771973	3.2178070545196533	-6.588842868804932
1512060244875	2.1068975925445557	3.1028854846954346	-6.090848922729492
1512060244895	1.6089035272598267	2.9879636764526367	-5.631162166595459
1512060244915	0.9193734526634216	2.7964274883270264	-4.8267107009887695
1512060244935	0.2298433631658554	2.911349296569824	-3.2561142444610596
1512060244955	-0.1149216815829277	3.2178070545196533	-1.800439715385437
1512060244975	-0.5363011956214905	3.3710360527038574	-1.2641384601593018
1512060244995	-1.072602391242981	3.869029998779297	-1.8387469053268433
1512060245015	-1.1109095811843872	4.060565948486328	-3.5242648124694824
1512060245035	-1.0342950820922852	4.290409564971924	-4.060565948486328
1512060245055	-0.8044517636299133	4.558559894561768	-2.9879636764526367
1512060245075	-0.15322890877723694	4.481945514678955	-2.75812029838562
1512060245095	-0.4596867263317108	4.367023944854736	-3.8307228088378906
1512060245115	-0.5746083855628967	4.558559894561768	-4.520252704620361
1512060245135	0.07661445438861847	4.520252704620361	-2.9496564865112305
1512060245155	0.5746083855628967	4.367023944854736	-3.2561142444610596
1512060245175	0.7661445140838623	4.596867084503174	-4.137180328369141
1512060245195	0.8427590131759644	4.8267107009887695	-5.363011837005615
1512060245215	1.072602391242981	5.056553840637207	-5.477933406829834
1512060245235	1.7621324062347412	4.865017890930176	-5.018246650695801
1512060245255	2.298433542251587	4.6734819412231445	-5.439626216888428
1512060245275	1.9536685943603516	4.481945514678955	-6.167463779449463
1512060245295	2.030282974243164	4.367023944854736	-5.70777702331543
1512060245315	2.75812029838562	4.596867084503174	-4.443638324737549
1512060245335	3.2178070545196533	4.596867084503174	-3.9456443786621094
1512060245355	3.5242648124694824	4.405331134796143	-4.596867084503174
1512060245375	4.098873138427734	4.137180328369141	-6.627150535583496
1512060245395	4.903325080871582	4.6734819412231445	-8.427590370178223
1512060245415	5.477933406829834	5.056553840637207	-9.078812599182129
1512060245435	5.899312973022461	4.481945514678955	-7.7763671875
1512060245455	6.282385349273682	4.060565948486328	-6.282385349273682
1512060245475	6.627150535583496	3.7924153804779053	-6.550535678863525
1512060245495	6.856993675231934	3.9456443786621094	-7.1251444816589355
1512060245516	6.856993675231934	4.137180328369141	-6.933608055114746
1512060245535	7.240066051483154	3.754108190536499	-5.286397457122803
1512060245555	8.159439086914062	3.141192674636841	-4.443638324737549
1512060245575	8.925583839416504	3.2178070545196533	-5.70777702331543
1512060245595	9.423578262329102	3.9456443786621094	-5.746084213256836
1512060245615	9.615114212036133	3.141192674636841	-4.137180328369141
1512060245635	9.730035781860352	2.1068975925445557	-3.9456443786621094
1512060245655	9.959878921508789	2.0685901641845703	-5.5545477867126465
1512060245675	10.572794914245605	2.6431987285614014	-7.163451671600342
1512060245695	10.611102104187012	3.026270866394043	-8.121131896972656
1512060245715	10.457873344421387	2.5282769203186035	-8.044517517089844
1512060245735	10.304644584655762	2.2601263523101807	-6.703764915466309
1512060245755	10.572794914245605	2.3367409706115723	-5.439626216888428
1512060245775	11.262324333190918	2.4899697303771973	-5.171475887298584
1512060245795	11.530475616455078	2.3367409706115723	-6.244078159332275
1512060245815	11.30063247680664	2.0685901641845703	-6.933608055114746
1512060245840	11.185709953308105	1.9536685943603516	-6.358999729156494
1512060245862	11.224017143249512	1.9153614044189453	-5.2480902671813965
1512060245877	11.568782806396484	1.8387469053268433	-4.8267107009887695
1512060245896	11.262324333190918	1.8387469053268433	-5.51624059677124
1512060245915	10.41956615447998	1.8387469053268433	-6.435614109039307
1512060245935	10.15141487121582	1.6855180263519287	-6.473921298980713
1512060245955	10.304644584655762	1.6855180263519287	-5.784391403198242
1512060245975	10.41956615447998	1.455674648284912	-4.520252704620361
1512060245995	10.381258964538574	1.1492167711257935	-3.44765043258667
1512060246015	10.036493301391602	0.9576807022094727	-2.9496564865112305
1512060246035	9.921571731567383	0.9193734526634216	-2.911349296569824
1512060246055	9.576807022094727	1.3407529592514038	-3.7924153804779053
1512060246075	9.078812599182129	1.723825216293335	-3.869029998779297
1512060246095	8.810662269592285	1.9919757843017578	-3.7158010005950928
1512060246115	8.887276649475098	2.0685901641845703	-3.332728862762451
1512060246135	8.925583839416504	2.2218191623687744	-2.9496564865112305
1512060246155	8.810662269592285	2.2218191623687744	-2.911349296569824
1512060246175	8.887276649475098	2.5665841102600098	-2.75812029838562
1512060246195	9.002198219299316	2.5282769203186035	-2.2601263523101807
1512060246215	9.232041358947754	2.451662540435791	-1.4939818382263184
1512060246235	9.500192642211914	2.298433542251587	-1.072602391242981
1512060246255	9.423578262329102	2.0685901641845703	-0.8044517636299133
1512060246275	9.346963882446289	1.9919757843017578	-0.6129156351089478
1512060246295	9.155426979064941	2.145204782485962	-1.1875240802764893
1512060246315	9.002198219299316	2.0685901641845703	-1.37906014919281
1512060246335	8.887276649475098	1.8770540952682495	-1.2641384601593018
1512060246355	8.65743350982666	1.800439715385437	-1.1492167711257935
1512060246375	8.389283180236816	1.4939818382263184	-1.5322890281677246
1512060246395	8.465897560119629	1.4173674583435059	-1.647210717201233
1512060246415	8.65743350982666	1.1109095811843872	-1.8387469053268433
1512060246435	8.772355079650879	1.2258312702178955	-2.3750481605529785
1512060246455	8.810662269592285	1.3024457693099976	-3.1028854846954346
1512060246475	9.117119789123535	1.1875240802764893	-3.5242648124694824
1512060246495	9.308655738830566	0.6512228846549988	-3.332728862762451
1512060246515	9.423578262329102	0.4213795065879822	-2.911349296569824
1512060246535	9.768342971801758	0.3064578175544739	-3.2178070545196533
1512060246555	9.691728591918945	0.3447650372982025	-3.907337188720703
1512060246575	9.84495735168457	0.3447650372982025	-4.558559894561768
1512060246595	10.342951774597168	0.38307225704193115	-5.324704647064209
1512060246615	10.764330863952637	0.38307225704193115	-4.9799394607543945
1512060246635	11.109095573425293	0.4596867263317108	-4.405331134796143
1512060246655	11.568782806396484	0.4213795065879822	-4.788403511047363
1512060246675	11.683704376220703	0.689530074596405	-5.70777702331543
1512060246695	11.951854705810547	1.1875240802764893	-6.742072105407715
1512060246715	12.871228218078613	1.4939818382263184	-7.163451671600342
1512060246735	13.139378547668457	1.37906014919281	-6.742072105407715
1512060246755	13.330915451049805	1.2641384601593018	-6.473921298980713
1512060246775	12.871228218078613	1.37906014919281	-6.550535678863525
1512060246795	12.60307788848877	1.647210717201233	-6.856993675231934
1512060246815	12.717999458312988	1.3407529592514038	-7.661445617675781
1512060246835	12.679692268371582	1.3407529592514038	-8.197746276855469
1512060246855	12.526463508605957	1.455674648284912	-7.6997528076171875
1512060246875	12.066776275634766	1.3024457693099976	-7.163451671600342
1512060246895	11.568782806396484	1.2258312702178955	-6.780379295349121
1512060246915	11.41555404663086	1.1875240802764893	-6.703764915466309
1512060246935	11.41555404663086	1.455674648284912	-6.971915245056152
1512060246955	10.879252433776855	1.3024457693099976	-7.010222434997559
1512060246975	10.342951774597168	1.1492167711257935	-6.550535678863525
1512060246995	9.691728591918945	1.5322890281677246	-5.861005783081055
1512060247015	9.346963882446289	1.723825216293335	-5.631162166595459
1512060247035	8.734047889709473	2.145204782485962	-5.822698593139648
1512060247055	7.891288757324219	2.0685901641845703	-6.167463779449463
1512060247075	7.240066051483154	2.2601263523101807	-6.090848922729492
1512060247095	6.780379295349121	2.451662540435791	-5.439626216888428
1512060247115	6.588842868804932	2.4899697303771973	-4.8267107009887695
1512060247135	5.784391403198242	2.7964274883270264	-5.324704647064209
1512060247155	4.788403511047363	2.9496564865112305	-6.282385349273682
1512060247175	4.022258758544922	3.1028854846954346	-6.01423454284668
1512060247195	4.060565948486328	2.873042106628418	-5.286397457122803
1512060247215	3.5242648124694824	2.873042106628418	-5.324704647064209
1512060247235	2.8347349166870117	2.873042106628418	-5.70777702331543
1512060247255	1.8770540952682495	3.2178070545196533	-6.512228488922119
1512060247275	0.8044517636299133	3.332728862762451	-7.010222434997559
1512060247295	0.4596867263317108	3.2561142444610596	-6.282385349273682
1512060247315	0.38307225704193115	3.332728862762451	-5.477933406829834
1512060247335	0.4213795065879822	3.5242648124694824	-5.286397457122803
1512060247355	0.2298433631658554	3.7924153804779053	-5.631162166595459
1512060247375	-0.19153612852096558	3.869029998779297	-5.056553840637207
1512060247395	-0.49799394607543945	3.6774938106536865	-3.907337188720703
1512060247415	-0.6512228846549988	3.754108190536499	-1.9536685943603516
1512060247435	-0.5746083855628967	4.022258758544922	-2.298433542251587
1512060247455	-1.072602391242981	3.9839515686035156	-3.485957622528076
1512060247475	-1.3024457693099976	3.869029998779297	-3.5625722408294678
1512060247496	-1.072602391242981	3.754108190536499	-2.8347349166870117
1512060247515	-1.4173674583435059	3.8307228088378906	-1.9919757843017578
1512060247535	-1.647210717201233	4.137180328369141	-1.6855180263519287
1512060247555	-1.4173674583435059	4.098873138427734	-2.719813108444214
1512060247575	-0.9959878921508789	4.252102375030518	-4.137180328369141
1512060247595	-0.5363011956214905	4.32871675491333	-4.405331134796143
1512060247615	0.07661445438861847	4.367023944854736	-4.175487995147705
1512060247635	0.15322890877723694	4.405331134796143	-4.903325080871582
1512060247655	0.2298433631658554	4.443638324737549	-6.167463779449463
1512060247675	0.6512228846549988	4.520252704620361	-5.861005783081055
1512060247695	1.1875240802764893	4.8267107009887695	-5.439626216888428
1512060247715	1.4173674583435059	4.941632270812988	-6.320692539215088
1512060247735	1.1109095811843872	4.865017890930176	-7.048529624938965
1512060247755	1.6089035272598267	4.865017890930176	-6.052541732788086
1512060247775	2.9496564865112305	5.018246650695801	-4.098873138427734
1512060247795	3.754108190536499	5.2480902671813965	-4.022258758544922
1512060247815	3.4093432426452637	5.51624059677124	-6.512228488922119
1512060247835	3.2178070545196533	5.094861030578613	-7.6997528076171875
1512060247855	4.290409564971924	5.1331682205200195	-6.01423454284668
1512060247876	6.244078159332275	4.290409564971924	-5.363011837005615
1512060247895	5.937620162963867	4.520252704620361	-6.588842868804932
1512060247915	5.363011837005615	4.443638324737549	-7.354987621307373
1512060247935	5.937620162963867	4.060565948486328	-5.822698593139648
1512060247955	7.316680431365967	3.44765043258667	-4.941632270812988
1512060247975	8.925583839416504	3.44765043258667	-4.941632270812988
1512060247995	9.117119789123535	3.1028854846954346	-7.201758861541748
1512060248015	7.6997528076171875	3.600879430770874	-9.691728591918945
1512060248035	7.354987621307373	3.332728862762451	-9.576807022094727
1512060248055	8.197746276855469	2.873042106628418	-6.665457725524902
1512060248075	9.308655738830566	2.6815059185028076	-4.750096321105957
1512060248095	9.308655738830566	3.2178070545196533	-6.780379295349121
1512060248115	8.236053466796875	3.5625722408294678	-10.304644584655762
1512060248135	7.891288757324219	3.3710360527038574	-11.109095573425293
1512060248155	9.117119789123535	2.9496564865112305	-7.623138427734375
1512060248175	10.802638053894043	2.8347349166870117	-3.600879430770874
1512060248195	11.41555404663086	3.2561142444610596	-4.022258758544922
1512060248215	10.572794914245605	3.7158010005950928	-7.508216381072998
1512060248236	9.730035781860352	3.754108190536499	-8.65743350982666
1512060248255	10.5344877243042	3.44765043258667	-5.592854976654053
1512060248275	11.60708999633789	3.294421434402466	-2.6815059185028076
1512060248295	11.683704376220703	3.1028854846954346	-3.1028854846954346
1512060248315	10.342951774597168	3.294421434402466	-6.167463779449463
1512060248335	9.998186111450195	3.064578056335449	-6.435614109039307
1512060248355	10.687716484069824	2.7964274883270264	-4.788403511047363
1512060248375	11.41555404663086	2.5282769203186035	-3.9456443786621094
1512060248395	11.338939666748047	2.4133553504943848	-4.022258758544922
1512060248415	10.304644584655762	2.4899697303771973	-4.443638324737549
1512060248435	9.615114212036133	2.3367409706115723	-4.252102375030518
1512060248455	9.423578262329102	2.145204782485962	-3.7924153804779053
1512060248475	9.653421401977539	2.030282974243164	-3.026270866394043
1512060248495	9.653421401977539	2.1068975925445557	-3.2561142444610596
1512060248516	9.691728591918945	2.145204782485962	-3.600879430770874
1512060248535	9.615114212036133	2.145204782485962	-3.1028854846954346
1512060248555	9.461885452270508	1.9536685943603516	-2.2218191623687744
1512060248575	9.346963882446289	1.9919757843017578	-1.9153614044189453
1512060248595	9.117119789123535	2.1068975925445557	-2.5665841102600098
1512060248615	8.542511940002441	2.183511972427368	-2.719813108444214
1512060248635	8.619126319885254	2.145204782485962	-2.1068975925445557
1512060248655	8.925583839416504	2.0685901641845703	-1.647210717201233
1512060248675	8.848969459533691	2.0685901641845703	-1.723825216293335
1512060248695	8.772355079650879	2.183511972427368	-2.298433542251587
1512060248715	8.65743350982666	2.4133553504943848	-3.179499864578247
1512060248735	8.65743350982666	2.5282769203186035	-2.75812029838562
1512060248755	8.887276649475098	2.3750481605529785	-1.8387469053268433
1512060248775	8.925583839416504	2.2601263523101807	-0.6129156351089478
1512060248795	8.848969459533691	2.2218191623687744	-0.3447650372982025
1512060248815	8.848969459533691	2.4899697303771973	-0.689530074596405
1512060248835	8.848969459533691	2.5282769203186035	-1.5705963373184204
1512060248855	8.96389102935791	2.6431987285614014	-1.8387469053268433
1512060248875	9.232041358947754	2.451662540435791	-0.9959878921508789
1512060248895	9.308655738830566	2.1068975925445557	-0.49799394607543945
1512060248915	9.423578262329102	1.9536685943603516	-0.727837324142456
1512060248935	9.461885452270508	1.9153614044189453	-1.723825216293335
1512060248955	9.500192642211914	1.8770540952682495	-2.9879636764526367
1512060248975	9.385271072387695	1.7621324062347412	-3.5242648124694824
1512060248995	9.117119789123535	1.5322890281677246	-3.44765043258667
1512060249015	9.155426979064941	1.072602391242981	-3.332728862762451
1512060249035	9.308655738830566	0.7661445140838623	-3.7924153804779053
1512060249055	8.848969459533691	0.7661445140838623	-4.481945514678955
1512060249075	9.155426979064941	0.6512228846549988	-4.941632270812988
1512060249095	9.53849983215332	0.5746083855628967	-4.711789131164551
1512060249115	9.615114212036133	0.689530074596405	-5.1331682205200195
1512060249135	9.768342971801758	0.689530074596405	-5.5545477867126465
1512060249156	10.113107681274414	0.6129156351089478	-5.5545477867126465
1512060249175	10.802638053894043	0.9576807022094727	-5.822698593139648
1512060249195	11.1474027633667	1.2258312702178955	-7.4316020011901855
1512060249215	10.879252433776855	1.2641384601593018	-8.465897560119629
1512060249235	11.60708999633789	0.727837324142456	-6.89530086517334
1512060249255	12.181697845458984	0.7661445140838623	-5.669469833374023
1512060249275	12.449849128723145	0.9959878921508789	-5.861005783081055
1512060249295	11.990161895751953	1.1492167711257935	-6.818686485290527
1512060249315	11.60708999633789	1.1875240802764893	-6.971915245056152
1512060249335	11.568782806396484	1.1109095811843872	-6.320692539215088
1512060249355	12.066776275634766	1.1875240802764893	-6.473921298980713
1512060249375	12.143390655517578	1.4173674583435059	-7.2783732414245605
1512060249395	12.105083465576172	1.647210717201233	-7.393294811248779
1512060249415	11.951854705810547	1.6089035272598267	-6.550535678863525
1512060249435	11.492168426513672	1.4939818382263184	-6.856993675231934
1512060249455	10.879252433776855	1.6855180263519287	-7.469909191131592
1512060249475	10.342951774597168	1.6855180263519287	-7.5848307609558105
1512060249495	9.959878921508789	1.4939818382263184	-6.933608055114746
1512060249515	9.730035781860352	1.455674648284912	-6.052541732788086
1512060249535	9.078812599182129	1.7621324062347412	-6.167463779449463
1512060249555	8.848969459533691	1.9153614044189453	-7.201758861541748
1512060249575	8.389283180236816	1.7621324062347412	-7.316680431365967
1512060249595	7.469909191131592	1.7621324062347412	-6.358999729156494
1512060249615	6.627150535583496	1.8387469053268433	-5.51624059677124
1512060249635	6.052541732788086	1.800439715385437	-5.018246650695801
1512060249655	5.592854976654053	2.145204782485962	-5.746084213256836
1512060249675	5.286397457122803	2.6431987285614014	-7.546523571014404
1512060249695	4.596867084503174	2.9496564865112305	-8.006210327148438
1512060249715	4.252102375030518	2.873042106628418	-7.4316020011901855
1512060249735	3.8307228088378906	2.719813108444214	-7.048529624938965
1512060249755	3.44765043258667	2.873042106628418	-6.933608055114746
1512060249775	3.294421434402466	2.6815059185028076	-6.89530086517334
1512060249795	3.1028854846954346	2.873042106628418	-7.086836814880371
1512060249815	2.183511972427368	3.179499864578247	-7.163451671600342
1512060249835	1.3407529592514038	3.179499864578247	-6.665457725524902
1512060249856	0.9576807022094727	3.179499864578247	-5.70777702331543
1512060249875	0.6129156351089478	3.44765043258667	-5.70777702331543
1512060249895	0.4213795065879822	3.5625722408294678	-5.822698593139648
1512060249915	0.07661445438861847	3.6774938106536865	-5.20978307723999
1512060249935	-0.3064578175544739	3.4093432426452637	-3.9839515686035156
1512060249955	-0.689530074596405	3.44765043258667	-2.75812029838562
1512060249976	-1.1492167711257935	3.7158010005950928	-3.1028854846954346
1512060249995	-1.3407529592514038	3.7158010005950928	-3.064578056335449
1512060250015	-1.4173674583435059	3.5625722408294678	-2.719813108444214
1512060250035	-1.1492167711257935	3.332728862762451	-1.6089035272598267
1512060250055	-0.6129156351089478	3.2178070545196533	-0.8427590131759644
1512060250075	-0.8427590131759644	3.2561142444610596	-1.8387469053268433
1512060250095	-1.3024457693099976	3.6774938106536865	-3.907337188720703
1512060250115	-1.3407529592514038	3.6774938106536865	-4.213795185089111
1512060250135	-0.4596867263317108	3.3710360527038574	-2.6431987285614014
1512060250155	0.1149216815829277	3.485957622528076	-2.030282974243164
1512060250175	0.5746083855628967	3.5242648124694824	-2.75812029838562
1512060250195	0.3447650372982025	3.754108190536499	-5.094861030578613
1512060250215	0.727837324142456	4.367023944854736	-6.282385349273682
1512060250235	1.1875240802764893	4.520252704620361	-6.090848922729492
1512060250255	1.6855180263519287	4.32871675491333	-5.975927352905273
1512060250275	1.8387469053268433	4.290409564971924	-5.899312973022461
1512060250296	2.451662540435791	4.367023944854736	-4.520252704620361
1512060250315	3.6774938106536865	4.290409564971924	-4.213795185089111
1512060250335	3.907337188720703	4.060565948486328	-5.477933406829834
1512060250355	3.2561142444610596	4.213795185089111	-8.35097599029541
1512060250375	3.064578056335449	4.137180328369141	-8.772355079650879
1512060250395	4.865017890930176	4.022258758544922	-6.512228488922119
1512060250415	6.780379295349121	3.2561142444610596	-5.822698593139648
1512060250435	6.205770969390869	3.294421434402466	-6.588842868804932
1512060250455	5.5545477867126465	3.5242648124694824	-9.117119789123535
1512060250475	5.592854976654053	3.7158010005950928	-10.036493301391602
1512060250495	7.623138427734375	3.485957622528076	-8.35097599029541
1512060250515	9.27034854888916	2.873042106628418	-7.1251444816589355
1512060250535	9.078812599182129	2.7964274883270264	-7.469909191131592
1512060250555	8.197746276855469	3.1028854846954346	-8.580819129943848
1512060250575	8.121131896972656	3.4093432426452637	-8.810662269592285
1512060250595	9.002198219299316	3.141192674636841	-7.2783732414245605
1512060250615	9.768342971801758	2.5282769203186035	-4.903325080871582
1512060250635	10.304644584655762	2.451662540435791	-5.784391403198242
1512060250655	10.342951774597168	2.8347349166870117	-8.197746276855469
1512060250675	9.998186111450195	3.1028854846954346	-9.040505409240723
1512060250695	10.917559623718262	2.145204782485962	-6.89530086517334
1512060250715	11.185709953308105	1.9536685943603516	-6.052541732788086
1512060250735	11.72201156616211	1.9919757843017578	-7.5848307609558105
1512060250756	11.645397186279297	1.9919757843017578	-8.236053466796875
1512060250775	11.453861236572266	1.800439715385437	-7.316680431365967
1512060250795	11.60708999633789	1.3024457693099976	-5.631162166595459
1512060250815	11.492168426513672	1.37906014919281	-6.052541732788086
1512060250835	10.802638053894043	1.647210717201233	-8.389283180236816
1512060250855	10.5344877243042	2.030282974243164	-9.232041358947754
1512060250875	10.611102104187012	2.030282974243164	-8.006210327148438
1512060250895	11.836933135986328	1.9153614044189453	-5.784391403198242
1512060250915	12.02846908569336	1.9536685943603516	-6.167463779449463
1512060250935	11.185709953308105	1.9153614044189453	-7.2783732414245605
1512060250955	10.381258964538574	1.8387469053268433	-7.201758861541748
1512060250975	9.730035781860352	1.6855180263519287	-5.975927352905273
1512060250995	9.84495735168457	1.8387469053268433	-5.171475887298584
1512060251015	9.806650161743164	2.145204782485962	-5.20978307723999
1512060251035	9.155426979064941	2.604891538619995	-6.052541732788086
1512060251055	8.772355079650879	2.873042106628418	-6.282385349273682
1512060251075	8.734047889709473	3.064578056335449	-5.51624059677124
1512060251095	9.117119789123535	3.064578056335449	-4.63517427444458
1512060251115	9.308655738830566	3.064578056335449	-2.75812029838562
1512060251135	9.193734169006348	3.4093432426452637	-1.800439715385437
1512060251155	9.27034854888916	3.44765043258667	-1.5322890281677246
1512060251175	9.308655738830566	3.44765043258667	-0.15322890877723694
1512060251196	9.346963882446289	3.294421434402466	1.647210717201233
1512060251215	9.385271072387695	3.600879430770874	2.1068975925445557
1512060251235	8.887276649475098	3.9456443786621094	1.4173674583435059
1512060251255	8.274360656738281	4.060565948486328	0.26815059781074524
1512060251275	7.8529815673828125	4.32871675491333	-0.3064578175544739
1512060251295	7.5848307609558105	4.405331134796143	-0.1149216815829277
1512060251315	7.508216381072998	4.32871675491333	1.455674648284912
1512060251335	7.8529815673828125	4.175487995147705	3.141192674636841
1512060251355	7.738059997558594	4.443638324737549	3.7924153804779053
1512060251375	7.316680431365967	4.6734819412231445	2.873042106628418
1512060251395	7.354987621307373	4.520252704620361	2.451662540435791
1512060251415	6.933608055114746	4.405331134796143	3.064578056335449
1512060251435	6.282385349273682	4.6734819412231445	4.022258758544922
1512060251455	5.899312973022461	4.405331134796143	4.558559894561768
1512060251475	5.592854976654053	4.405331134796143	4.6734819412231445
1512060251495	5.1331682205200195	4.558559894561768	4.6734819412231445
1512060251515	4.788403511047363	4.367023944854736	6.090848922729492
1512060251535	4.750096321105957	4.367023944854736	6.512228488922119
1512060251555	4.558559894561768	4.290409564971924	6.627150535583496
1512060251576	4.290409564971924	4.290409564971924	6.703764915466309
1512060251595	4.213795185089111	3.9839515686035156	6.742072105407715
1512060251615	4.32871675491333	3.5242648124694824	7.469909191131592
1512060251635	4.481945514678955	3.5625722408294678	7.8529815673828125
1512060251655	4.175487995147705	3.6391866207122803	7.967903137207031
1512060251675	4.022258758544922	3.7158010005950928	7.6997528076171875
1512060251695	3.6774938106536865	3.7158010005950928	7.2783732414245605
1512060251715	3.294421434402466	3.4093432426452637	7.469909191131592
1512060251735	3.2561142444610596	3.485957622528076	8.006210327148438
1512060251755	3.4093432426452637	3.6391866207122803	8.197746276855469
1512060251775	3.5242648124694824	3.6774938106536865	7.661445617675781
1512060251795	3.2178070545196533	3.44765043258667	7.201758861541748
1512060251815	2.5282769203186035	3.1028854846954346	7.4316020011901855
1512060251835	2.1068975925445557	2.911349296569824	8.121131896972656
1512060251855	2.0685901641845703	2.9879636764526367	8.504204750061035
1512060251875	2.5282769203186035	3.026270866394043	8.465897560119629
1512060251896	2.4899697303771973	2.604891538619995	8.465897560119629
1512060251915	1.8387469053268433	2.5282769203186035	8.580819129943848
1512060251935	1.1875240802764893	2.719813108444214	8.772355079650879
1512060251955	1.455674648284912	2.873042106628418	8.925583839416504
1512060251975	1.6089035272598267	2.9496564865112305	7.967903137207031
1512060251995	1.6089035272598267	2.6431987285614014	7.623138427734375
1512060252015	1.072602391242981	2.5282769203186035	7.661445617675781
1512060252035	0.9576807022094727	2.4899697303771973	8.695740699768066
1512060252055	1.1109095811843872	2.4899697303771973	9.346963882446289
1512060252075	0.9959878921508789	2.3750481605529785	9.53849983215332
1512060252095	0.9193734526634216	2.6815059185028076	8.734047889709473
1512060252115	0.689530074596405	2.911349296569824	8.312667846679688
1512060252135	0.5363011956214905	3.064578056335449	8.465897560119629
1512060252155	1.1492167711257935	3.026270866394043	8.542511940002441
1512060252175	1.1875240802764893	2.873042106628418	8.465897560119629
1512060252195	0.7661445140838623	3.026270866394043	8.619126319885254
1512060252216	0.6512228846549988	2.911349296569824	8.427590370178223
1512060252235	0.7661445140838623	2.9879636764526367	8.542511940002441
1512060252255	0.9959878921508789	2.9496564865112305	8.65743350982666
1512060252275	1.3407529592514038	2.7964274883270264	8.619126319885254
1512060252295	1.2258312702178955	2.6431987285614014	8.925583839416504
1512060252315	1.1492167711257935	2.719813108444214	8.96389102935791
1512060252335	1.1875240802764893	2.6431987285614014	9.002198219299316
1512060252355	1.1109095811843872	2.719813108444214	9.078812599182129
1512060252375	1.1109095811843872	2.719813108444214	9.040505409240723
1512060252395	1.072602391242981	2.6815059185028076	9.040505409240723
1512060252415	0.9193734526634216	2.719813108444214	9.117119789123535
1512060252435	1.072602391242981	2.604891538619995	9.155426979064941
1512060252455	1.072602391242981	2.6815059185028076	8.925583839416504
1512060252475	1.072602391242981	2.604891538619995	8.848969459533691
1512060252495	0.9959878921508789	2.604891538619995	8.810662269592285
1512060252515	0.9576807022094727	2.6431987285614014	8.772355079650879
1512060252535	0.9959878921508789	2.6431987285614014	8.772355079650879
1512060252555	0.9959878921508789	2.5282769203186035	8.772355079650879
1512060252575	0.9193734526634216	2.6431987285614014	9.117119789123535
1512060252595	0.9576807022094727	2.6815059185028076	9.27034854888916
1512060252615	1.1492167711257935	2.75812029838562	9.117119789123535
1512060252635	1.1492167711257935	2.6815059185028076	9.040505409240723
1512060252655	1.0342950820922852	2.604891538619995	8.96389102935791
1512060252675	1.0342950820922852	2.5665841102600098	9.193734169006348
1512060252695	1.1109095811843872	2.604891538619995	9.27034854888916
1512060252715	1.2641384601593018	2.719813108444214	8.772355079650879
1512060252735	1.2258312702178955	2.5665841102600098	8.504204750061035
1512060252755	1.3407529592514038	2.6431987285614014	8.810662269592285
1512060252775	1.2258312702178955	2.604891538619995	9.232041358947754
1512060252795	1.1492167711257935	2.6431987285614014	9.346963882446289
1512060252815	1.2641384601593018	2.6431987285614014	9.155426979064941
1512060252835	1.3407529592514038	2.604891538619995	9.078812599182129
1512060252855	1.4939818382263184	2.5665841102600098	8.925583839416504
1512060252875	1.37906014919281	2.5282769203186035	9.078812599182129
1512060252895	1.2641384601593018	2.5282769203186035	9.346963882446289
1512060252915	1.3407529592514038	2.6815059185028076	9.998186111450195
1512060252935	1.6089035272598267	2.145204782485962	9.117119789123535
1512060252955	1.5322890281677246	2.604891538619995	7.469909191131592
1512060252975	1.5705963373184204	2.9879636764526367	7.354987621307373
1512060252995	1.8387469053268433	2.5665841102600098	9.117119789123535
